0
0
0
0
0
0
0
0
0
0
0
0
0
0
0
0
0
0
0
0
0
0
0
0
0
0
0
0
0
0
0
0
0
0
0
0
0
0
0
0
0
0
0
0
0
0
0
0
0
0
0
0
0
0
0
0
0.06
0
0.24
8.76
19.92
44.18
81.3
115.54
143.02
180.2
180.2
190.66
211.3
223.44
228.14
231.72
234.52
236.08
234.62
233.58
233.14
230.82
228.76
227.18
225.02
223.94
221.84
220.14
218.9
217.32
216.46
215.4
214.18
213.28
213.04
212.42
211.52
211.5
210.92
209.88
209.86
209.18
209.56
209.56
208.94
208.94
208.84
208.7
208.46
208.24
208.58
208.1
207.74
208.5
207.56
207.92
208.08
207.48
208.04
206.96
207
206.76
207
207.02
206.86
206.66
207.22
207.24
207.06
207.12
207.66
206.68
207.16
207.82
211.28
215.82
215.82
220.26
224.6
230.78
237.9
241.56
248.78
251.2
256.92
259.5
263.98
266.92
270.58
274.46
276.06
279.06
282
282.9
285.48
287.08
288.6
290.04
291.06
292
293.26
293.84
294.14
295.32
295.14
295.92
296.58
296.58
296.32
296.28
297.18
296.98
297.24
297.22
296.78
297.1
296.6
296.66
296.22
296.62
296.46
296.72
296.88
297.14
296.64
296.2
297.12
297.04
296.2
297.14
297.08
297.32
297.28
296.62
295.52
297.08
296.58
296.8
299.46
299.46
301.6
303.9
306.6
309.56
311.76
315.28
318.12
321.02
323.72
324.88
328.82
331
332.84
334.62
335.8
337.68
339.1
340.82
341.66
344.02
343.3
344.84
345.88
346.1
346.3
346.92
347.08
347.74
347.12
347.12
347.5
348.26
347.68
347.82
348.18
348
347.66
348.96
348.52
348.46
348.8
348
348.06
347.92
347.88
347.8
347.38
347.16
347.44
347.18
346.84
346.48
346.94
346.82
347.36
346.74
346.88
345.98
346.12
346.12
345.12
341.8
334.46
328.62
319.24
310.38
300.86
289.9
277.6
271.08
261.52
251.24
236.4
238.56
229.66
222.8
218.1
210.98
210.26
204.92
202.22
197.5
194.92
192.66
189.5
189.2
186.08
186.62
184.54
184.12
182.14
182.06
182.06
181.54
181.2
180.34
179.28
179.56
179.34
179.02
179.02
178.74
178.6
178.34
178.3
176.86
177.22
176.96
176.44
175.94
176.26
175.76
176.66
176.4
176.04
176.1
175.82
175.52
176.64
176.6
176.52
175.48
171.14
171.18
168.42
168.42
163.02
161.42
158.66
156.72
150.18
149.06
147.46
145.02
143.62
142.06
138.06
137.4
136.68
135
133.92
132.94
132.3
131.18
130.28
128.12
126.7
127.48
126.78
126.42
125.86
126.3
125.44
125.94
125.46
126.06
125.3
124.58
125.56
125.56
125.14
125.74
125.24
125.52
125.32
125.82
125.24
125.4
125.44
124.6
125.68
124.62
125.36
125.22
125.46
124.68
125.22
125.18
125.88
125.7
124.62
125.92
127.24
131.7
145.26
145.78
154.4
165.32
167.42
175.38
182.04
188.7
188.7
193.42
198.86
202.88
207.56
210.48
213.54
216.48
217.64
219.5
221.36
222.96
224.04
225.58
226.38
228.18
228.42
229.24
229.36
230.16
231.16
231.68
232.26
233.16
232.76
233.6
234.3
235.06
235.62
235.82
235.96
235.9
235.62
235.62
235.96
236.34
236.64
236.9
236.96
236.66
236.56
236.8
237.12
236.86
236.96
237.26
236.76
236.72
237.06
237.14
236.48
238.74
242.16
245.52
250.2
252.9
258.68
261.58
265.4
272.1
273.78
277.3
282.22
285.42
287.18
290.8
290.8
293.14
296.12
297.16
299.16
300.9
302.34
304.22
304.76
305.62
306.6
307.2
307.42
308.12
308.26
309.06
309.66
309.96
310.46
311.04
310.98
311.2
311.32
311.46
311.92
312.22
311.34
312.06
312.18
312.38
312.44
312.44
312.52
312.82
312.78
312.8
313.5
312.7
313.06
312.44
312.38
312.3
312.32
311.26
312.32
309.88
306.46
299.86
293.66
285.44
275.32
265.08
252.44
248.92
238.9
227.48
226.04
217.62
211.08
206.04
198.14
198.58
191.8
191.8
190.92
184.9
185.92
181.62
181.06
177.78
178.2
176.34
175.72
173.86
173.12
173
171.24
171.74
171.34
170.42
170.48
170.4
169.94
170.18
169.86
170.14
169.98
170.06
169.26
169.72
169.66
170.3
170.1
170.18
170.44
170.34
170.38
170.38
170.88
170.76
170.48
170.26
170.8
170.5
169.98
169.74
169.56
167.86
165.6
165.02
161.44
160.14
158.66
156.42
154.56
153.24
152.02
149.28
148.94
148.52
147.68
145.38
146.1
144.66
145.04
144.32
144.16
143.82
144.24
142.7
142.7
143.78
144
143.92
143.84
144.1
143.52
143.18
142.64
142.66
142.76
143
142.56
142.96
142.64
143.36
142.86
143.26
143.28
143.34
143.44
143
143.1
142.86
143.18
143.16
143.2
143.04
142.94
143.38
142.94
142.96
142.96
142.76
143.1
143.26
142.92
144.78
149.1
160.06
174.08
186.34
194.84
203.04
210.44
218.56
227.98
231.86
238.1
241.84
245.28
251.6
253.18
257.54
259.66
263.38
264.12
267.22
268.26
270.8
271.88
273.54
274.16
275.9
276.56
276.56
278.2
278.58
278.5
279.72
280.74
281.22
281.64
282.08
282.52
282.76
283.04
283.6
283.46
283.66
283.44
284.44
284.1
283.14
284.06
284.3
283.68
283.92
283.82
284.08
284.14
283.74
284.1
284.1
284.06
283.86
283.42
283.42
282.14
279.3
276.94
270.44
268.92
265.74
262.72
260.08
256.84
253.02
250.12
248.92
247.22
245
243.8
241.82
241.32
240.28
238.8
237.9
237.4
236.92
236.04
236.28
235.6
234.64
234.6
234.44
233.72
233.84
233.6
233.62
233.62
234.34
233.2
233.58
233.14
233.1
233.54
233.48
233.56
233.64
233.84
233.48
233.42
233.6
234.26
234.16
234.54
235.12
234.6
235.04
234.74
235.16
234.82
235.14
235.32
234.78
234.96
233.9
230.42
225.48
219.18
219.18
213.5
210.34
203.6
200.96
195.34
193.08
187.74
185.58
181.48
179.74
176.14
175.16
172.46
171.94
169.32
170.12
168.9
168.08
167.76
167.24
166.98
166.56
166.32
166.06
166.2
166.38
166.28
166.1
165.94
165.82
166.08
165.88
165.6
165.6
166.08
165.88
165.94
166.18
166.22
166.14
166.16
166.26
166.44
166.74
166.06
166.5
166.04
166.26
166.98
166.74
166.58
167.12
166.94
167
167.06
169.54
172.22
182.82
194.58
213.06
219.34
232.42
237.96
249.36
259.26
265.92
265.92
271.28
278.22
284.52
289.34
295.98
299.92
304.28
306.2
309.28
311.3
312.8
314.84
316.26
317.9
319.76
321.5
322.1
323.5
324.94
325.86
327.02
327.72
328.68
329.7
330.36
330.82
331.62
331.42
331.78
332.36
332.16
332.16
332.7
332.6
332.9
333.02
333.32
333.5
333.26
333.48
333.2
332.46
332.82
332.64
332.74
332.42
332.6
332.16
332.26
330.02
325.92
319.36
313.96
305.98
296.7
286.56
275.56
264.02
251.74
246.04
235.72
224.16
224.16
223.6
215.44
211.54
204.52
202.7
197.78
193.64
190.96
186.68
186.66
182.82
182.78
179.94
180.52
178.08
178.18
176.24
176.92
175.74
175.22
175.08
174.98
174.32
174.28
173.26
173.32
172.98
173.08
172.94
173
173
173.6
173.6
173.7
173.72
173.84
173.74
173.78
173.98
173.76
173.98
173.72
173.9
174
173.96
174.28
173.9
175.18
180.54
187.9
196.1
202.86
209.88
216.18
226.48
230
235.98
240.42
244.04
250.18
253.16
256.82
258.96
263.82
265.34
265.34
267.98
270.48
271.98
273.54
274.78
277.68
278.06
279.58
280.08
280.84
281.1
282.22
282.92
283.76
284.14
284.3
284.92
285.08
285.86
285.78
286.56
285.86
286.16
286.42
286.48
287.26
287.44
287.34
286.92
288.36
287.82
287.82
287.9
287.2
288.18
287.9
287.92
288.02
287.64
287.48
287.46
287.04
287.02
284.06
282.76
280.26
277.98
275.54
273.08
268.88
266.56
264.38
263.3
260.58
259.14
257.3
256.22
254.94
254.22
252.48
251.14
250.52
250.52
250.04
249.96
249.52
248.82
248.32
248.18
247.92
247.82
247.32
247.32
247.1
247.42
247.4
247.26
247.14
247.76
247.88
247.4
247.5
247.72
247.58
246.78
247.82
247.4
247.7
247.76
248.16
247.98
247.66
248.08
248.1
248.14
248.14
247.82
247.56
247.64
247.74
247.74
247.88
247.92
249.38
251.38
257.54
258.82
263.12
267.2
271.82
276.86
281.7
284.36
288
291.9
295.16
298.96
299.96
302.54
304.76
307.36
309.06
310.72
311.52
313.06
314.06
314.9
316.34
316.34
317.38
318.56
318.96
319.02
320.08
320.42
320.56
320.66
321.46
321.32
320.52
321.36
320.82
321.7
321.5
322.46
322
322.02
321.88
322.28
322.54
321.58
322.32
322.08
322.24
322.46
322.3
322.68
322.3
322.3
322.74
323.08
323.02
323.16
322.64
322.04
317.42
314.08
309.04
304
298.98
293.14
283.36
275.36
271.84
267.12
261.72
257.76
253.32
249.96
246.64
244.04
240.6
238.38
235.22
234.24
232.4
231.7
230.36
230.2
228.82
227.96
227.96
227.3
226.1
226.48
225.24
224.56
224.76
224.16
223.74
223.58
223.82
224.02
223.18
223.46
222.9
222.48
222.98
222.74
222.9
223.08
223.02
223.08
222.88
222.66
222.94
222.24
221.94
222.56
222.14
221.88
221.84
221.86
223.04
223.04
226.44
230.32
232.46
236.98
241.1
244.34
250.06
251.84
255.24
257.88
260.78
263.28
265.22
267.38
269.88
271.46
273.92
274.54
276.62
277.42
279.1
279.6
280.98
281.96
282.64
283.76
284.18
285.22
285.68
286.22
286.22
286.84
287.56
288.24
288.06
