7.2
0
0.62
3.76
0.26
0.26
0.26
0.26
0.26
0.26
0.26
0.26
0.26
3.14
0
3.06
3.04
3.1
3.04
3.02
5.74
0.2
5.26
0.36
4.84
0.14
5.74
0.18
1.92
0.28
5.28
3.76
3.74
3.58
5.72
0.4
5.5
0.22
6.14
0.28
5.82
0.4
6.64
0.18
6.32
0.28
5.92
0.32
6.66
0.16
6.38
0.16
6.04
0.38
6.8
0.16
6.36
0.42
6.22
0.54
6.2
0.1
5.58
0.06
5.46
4.54
3.9
3.7
3.74
3.36
3.12
0.2
5.6
0
3.18
17.04
14.06
25.04
34.06
53.86
60.7
73
84.5
101.8
104.82
116.6
128.42
131
139.54
146.96
154.36
160.86
166.68
167.32
172.06
175.22
175.22
178.74
181.74
185.22
188.58
189.5
190.42
192
193.84
195.42
196.58
197.94
198.98
199.78
200.14
200.7
201.94
203.12
203.9
205.34
205.8
206.26
206.02
207.1
207.5
208.06
208.3
209.04
209.12
208.72
209.2
208.6
208.6
209.3
209.7
210.16
210.6
209.78
209.96
209.74
210.26
210.34
209.94
210.26
209.9
210.04
209.86
209.6
210.12
210.04
209.9
209.98
209.8
210.08
209.96
210.12
210.32
210.7
210.68
210.08
210.18
210.66
210.68
210.92
211.34
211.34
211.38
211.24
211.44
211.76
212.28
211.94
211.78
212.48
212.76
212.14
211.8
212
211.94
211.82
212.14
212.78
212.86
212.64
212.66
213.12
212.98
213.16
213.58
213.36
213.04
212.86
212.98
213.26
213.02
212.9
213.48
214.04
214.04
214
214.26
214.2
214.54
214.84
214.78
214.96
215.42
215.36
215.3
216.08
215.94
216.06
215.84
216.12
215.86
216.76
216.98
217.08
216.82
217.18
217.02
217.36
217.64
217.48
217.3
217.9
218.16
218.04
217.96
218.72
222.7
222.7
230.74
234.94
244.5
248.62
255.4
260.56
267.88
272.28
277.94
282
288.02
291.8
297.56
300.4
304.26
308.08
311.4
314.38
317.82
321.02
324.04
327.58
329.12
331.18
333.02
334.66
337.02
338.68
340.92
341.62
341.62
343.46
344.58
345.48
347.58
348.12
348.26
349.2
349.98
350.22
351.28
350.78
352.38
352.08
351.94
352.82
353.3
353.6
353.78
353.7
354.28
354.44
354.96
354.76
355.14
354.66
355.18
355.14
355
355.08
352.48
352.48
348.96
342.9
338.06
330.78
325.32
319.74
310.24
303.54
297.24
290.26
284.34
278.92
272.9
268.04
263.1
258.44
254.58
250.94
247.08
244.52
241.22
238.42
236.86
234.88
233.2
231.64
230.28
229.06
228.24
227.6
226.16
226.16
225.68
225.48
224.9
225.28
224.38
224.02
223.54
222.82
222.46
222.02
221.96
221.3
221.9
221.04
220.92
221.16
221.44
220.8
220.98
221.04
220.56
220.5
221.2
220.68
220.44
220.92
220.28
221.62
225.16
228.74
236.7
236.7
239.36
246.44
251.22
255.58
261.32
266.76
273.44
276.04
280.92
284.72
287.8
291.92
294.8
298.58
301.72
305.22
306.96
310.04
311.66
314.34
314.86
317.08
319.16
320.6
322.02
322.84
324.16
325.94
326.44
327.64
328.58
328.58
329.6
330.24
330.94
331.94
332.48
333.08
334.38
333.92
334.16
334.18
334.86
334.56
334.36
335.22
335.52
335.3
335.68
336.1
335.7
335.96
336.6
335.98
336.06
336.3
336.42
335.86
335.94
334.96
335.16
335.04
335.04
334.4
333.9
334.7
333.22
332.88
332.76
332.08
331.78
330.58
330.64
330.14
329.62
329.08
328.62
328.82
328.46
328.36
327.66
327.88
327.5
327.7
327.4
326.82
326.82
327.42
327.06
327.1
326.98
326.62
326.62
326.42
326.78
326.58
326.86
326.72
326.48
326.7
326.44
326.06
326.44
326.84
325.84
325.9
325.34
326.02
325.82
325.48
326.02
325.64
325.72
324.94
325.82
324.68
324.86
322.26
320.56
317.04
314.82
310.18
306.86
304.3
304.3
301.04
295.14
292.38
289.44
286.7
283.34
278.78
275.82
273.22
270.52
268.74
266.44
264.86
261.72
260.18
258.12
256.52
256.08
254.68
253.9
252.88
251.86
250.34
249.52
248.26
247.88
246.92
246.4
245.62
245.66
245.44
244.44
244.44
244.02
243.98
243.44
243.28
242.82
242.42
242.08
241.96
241.6
240.96
240.72
241.06
241.16
239.92
240.14
239.98
240
240.06
240.56
242.22
246.28
249.12
253.7
256.7
261.86
266.96
269.78
274.14
279.18
283.4
283.4
286.82
289.62
292.08
296.14
297.82
300.98
303.74
305.7
307.04
309.24
309.4
311.48
312.8
313.6
315.46
315.84
317.06
318.02
318.76
319.8
320.3
320.74
322.26
322.56
322.66
323.54
323.9
324.76
324.72
325.16
325.88
325.88
326.48
327.96
328.02
328.22
328.8
328.34
329.2
330.16
330.4
330
330.08
330.02
329.92
330.88
330.74
331.34
331.96
333.6
334.34
335.74
337.34
337.94
340.26
340.42
342.24
343.76
345.4
347.06
347.92
347.92
349.12
350.46
351.46
352.94
353.24
353.74
354.18
355.44
354.78
355.5
355.94
356.1
356.14
356.56
357.16
356.52
357.6
357.14
357.06
357.04
357.52
358.12
358.36
358.4
357.84
358.18
358.24
357.48
358
358
358.48
359
358.54
359
359
358.6
359.66
358.52
359.64
359.9
359.62
359.16
358.86
359.02
359.94
358.64
356.7
351.74
349.04
345.74
339.48
335.6
332
324.9
322.32
318.18
315.18
311.24
306.88
304.74
301.32
301.32
299.64
296.7
294.04
292.08
289.38
288.4
286.88
283.82
283
281.82
279.72
279.42
277.74
276.4
276.18
275.04
274.58
274.16
272.68
272.36
272.06
271
271.2
271.04
270.04
270.28
269.8
268.9
269.36
269.22
268.72
268.72
268.94
269.3
268.92
268.62
268.36
268.16
267.88
267.82
268.18
267.96
267.14
267.16
266.46
268.12
268.64
269.82
270.94
272.42
272.66
274.16
275.4
276.72
278.24
278.94
279.78
280.02
281.16
282.1
282.56
283.06
283.06
283.44
285.3
285.5
285.28
285.64
286.04
286.78
286.4
286.3
286.32
287.34
286.82
287.18
287.28
287.32
287.84
287.82
287.96
287.56
287.9
288.12
287.74
287.66
288.04
287.6
287.98
287.94
287.7
288.1
288.1
288
287.54
287.16
287.74
287.76
287.84
287.6
287.8
287.56
287.6
287.58
287.48
287.04
286.4
285.82
284.94
284.92
283.84
283.02
282.54
281.6
281.26
280.08
280.26
279.54
279.06
278.5
277.64
277.4
277.86
277.22
276.98
276.98
277
276.84
277.1
276.04
275.3
276.12
276.46
275.94
275.1
274.8
274.9
274.5
275.08
274.46
274.38
274.8
275.16
274.34
274.22
274.28
274.94
273.92
274.44
274.22
273.38
273.82
273.64
273.44
272.76
273.42
273.6
273.6
273.72
273.84
273.36
273.44
272.78
273.12
273.1
272.86
272.54
272.4
273.34
273.76
275.02
274.8
276.5
277.22
278.26
278.02
278.86
279.72
280.24
281.62
281.82
282.34
282.56
282.86
283.3
284.14
284.66
284.66
284.88
285.26
285.62
285.98
286
286.14
286.26
287.12
287.32
286.9
287.36
287.64
286.92
287.44
287.32
287.94
287.62
287.36
287.34
287.94
287.74
288
287.92
288.06
288.18
287.88
288.28
288.24
288.26
288.1
288.32
288.4
288.4
288.58
288.56
288.66
287.96
288.34
288.42
288.34
288.22
286.56
283.62
280.92
277.28
273.04
268.64
264.04
259.24
254.94
250.1
246.08
241.44
237.32
235.28
233.46
230.2
227.4
224.32
221.46
221.02
218.7
216.78
215.32
215.32
214.22
213.92
212.26
211.16
210.2
210
209.08
208.68
207.82
207.58
207.26
206.34
205.68
205.94
205.68
205.44
205.16
204.02
205.06
204.94
204.12
204.42
203.68
203.84
203.98
203.58
202.82
202.9
203.28
202.78
202.5
202.5
203.1
202.96
203.14
202.8
201.08
199.4
195.2
194.06
189.66
187.6
181.76
182
179.4
175.62
173.48
169.96
168.3
167.02
162.78
162.28
161.08
159.44
157.56
157.1
155.68
153.26
152.92
152.64
152.42
150.94
151.42
150.82
150.82
149.44
149.88
149.66
149.84
148.76
147.72
148.26
148.02
146.88
146.66
146.36
146.2
145.5
146.22
146.38
145.78
145.92
146.22
145.9
145.58
146.06
145.12
144.98
144.2
144.02
144.06
144.16
143.62
144.22
144.8
152.28
164.62
164.62
176.12
186.22
197.18
209.96
222.88
231.12
242.1
250
259.86
266.56
274.96
280.32
288.08
292.54
299.06
303.06
307.5
311.54
315.98
320.76
322.12
325
327.18
328.74
331.16
333.66
336.48
337.24
339.04
340.4
340.4
342.74
343.18
345.14
347.06
347.14
347.56
348.7
349.32
350.22
350.28
350.68
350.44
350.92
350.96
351.44
351.94
351.86
352.02
352
352.28
352.66
352.94
353.16
352.92
353.5
353.46
354.16
351.18
348.66
345.28
341.1
341.1
336.38
333.08
327.74
323.94
319.86
316.08
310.78
307.84
304.26
301.18
298.92
294.02
292.52
289.86
288.02
285.92
283
281.96
280.94
279
278.54
277.42
275.14
274.88
274.2
273.26
273.34
272.12
271.38
271.38
271.54
271.22
270.84
270.46
269.96
269.94
269.68
269.5
269.18
268.76
268.44
267.8
267.68
267.14
266.88
267.26
266.58
267.04
266.92
266.66
266.98
266.5
266.56
265.62
266.42
266.46
267.24
270.4
271.98
275.72
279.9
282.72
282.72
284.9
289.06
291.46
295.22
297.96
301.46
303.1
305.96
307.48
309.42
311.02
312.1
314.04
315.54
316.86
318.6
320.12
321.32
322.02
322.84
324.08
324.92
325.74
326.04
326.72
326.96
327.88
327.4
328.56
328.56
329.16
329.54
329.86
329.9
329.98
330.6
330.82
330.8
330.54
331.02
330.8
330.56
331.18
331.06
330.96
330.62
331.28
331.14
331.06
331.36
331.04
331
331.16
329.98
326.82
323.1
313.72
303.78
303.78
201.08
