6.92
6.92
1.04
0.82
13.82
1.04
0.82
13.82
1.04
1.04
1.04
1.04
1.04
4.56
0
8.16
1.86
8.64
2.84
9.92
2.78
9.82
3.72
9.3
4.58
10.44
4.32
10.04
5.24
9.56
6.2
10.84
5.68
10.2
6.6
9.56
7.6
10.88
7.02
10.1
7.78
9.52
7.26
10.7
8.12
9.98
9.18
9.38
8.54
10.28
9.44
9.54
10.44
8.8
9.58
9.8
10.8
8.32
11.78
7.48
11
7.22
11.6
6.92
11.64
6.06
12.38
12.14
36.14
38.66
52.94
74
94.8
112.84
133.54
150.08
170.58
180.12
193.44
208.52
218.72
226.04
236.14
243.72
253.32
259.78
267.52
272.28
277.52
281.16
285.44
285.44
288.56
291.12
293.92
296.54
298.82
301.08
302.78
304.38
305.68
307.08
307.44
308.54
309.02
310.46
311.24
312.34
313.14
313.84
314.06
315.16
315.22
315.48
315.92
316.96
317.3
317.9
317.78
318.04
317.82
318.42
319.12
319.12
319.16
318.96
319.28
319.48
319.5
320.16
319.76
319.22
319.4
318.68
319.18
319.1
319.2
319
318.94
318.66
319.24
319.22
319.2
319.02
318.76
319.16
319.02
318.98
319
319.38
319.12
319.58
319.18
319.18
319.46
319.38
319.74
319.4
319.22
319.16
319.22
319.18
319.56
319.04
319.32
318.74
318.48
318.86
319.38
319.62
319.68
319.88
320.34
319.72
320.1
320.2
320.28
319.56
320.34
320.14
320.08
320.78
320.22
320.22
320.86
321.26
320.98
321.18
320.84
321.16
321.26
322.02
321.58
321.9
321.68
321.96
321.64
322.22
322.26
321.54
322.18
322.68
323.04
323.98
324.54
325.48
326.9
327.42
327.96
328.58
329.72
330.32
330.84
332
332.48
332.48
333.54
333.94
334.4
334.78
335.58
335.84
336.54
336.54
337.02
337.1
337.38
337.6
337.48
337.94
338.18
338.56
338.38
338.78
339.46
338.66
339.18
338.74
340.02
339.46
339.56
339.76
339.76
339.56
340.48
340.48
339.86
340.06
340.04
340.48
340.04
340.52
340.1
340.5
339.84
340.3
340.22
340.18
339.64
339.4
339.24
339.16
339.22
338.9
336.46
334.94
332.52
329.96
328
324.9
323.5
320.96
318.26
316.48
315.08
312.3
310.52
310.52
309.92
307.06
306.68
305.96
304.04
303.1
302.18
301.52
300.36
299.4
298.66
297.38
296.96
296.92
296.9
295.84
295.98
295.38
295.06
294.48
293.8
294.06
293.78
293.88
293.82
293.38
292.66
292.9
293.12
292.78
292.78
292.74
292.6
292.96
293.56
293
293.3
292.76
292.72
292.92
292.54
292.22
291.7
292
292
291.72
291.56
291.14
290.92
289.7
288.82
287.86
286.5
285.68
284.02
282.66
281.92
280.6
279.88
278.46
277.6
277.48
277.48
275.24
274.44
274.22
273.14
273.12
272.6
271.68
270.92
270.98
270.14
269.7
269.14
268.24
268.6
269.02
268.48
267.9
268.26
266.96
267.14
267.42
267.12
267.14
267.02
266.24
266.08
265.92
265.8
266.02
266.02
265.88
265.5
265.76
266.12
266.48
265.86
265.86
265.58
265.66
265.98
265.26
265.3
265.42
264.98
265.2
264.56
265.14
265.16
264.86
263.76
263.74
263.2
263.18
263.1
262.54
261.96
260.78
260.84
259.42
259.88
259.18
259.8
259.8
258.96
259.5
258.88
258.64
258.66
258.24
258.48
259.02
258.58
257.62
257.58
257.9
257.74
257.5
257.78
257.84
257.66
257.2
256.92
257.48
256.8
257.12
256.92
256.86
256.94
257
256.5
256.98
257.16
256.54
256.6
256.6
256.96
256.88
256.8
256.68
256.56
256.8
256.94
256.58
257.14
256.34
256.38
256.26
256.16
255.66
254.82
254.56
253.9
253.2
252.96
251.54
250.92
251.06
250.04
249.58
249.24
248.82
248.74
248.4
248.1
248
248.16
248.16
248
247.18
247.06
247.22
246.94
247.12
246.76
246.54
246.08
246.34
246
245.88
246.06
245.82
245.56
245.66
245.92
245.12
245.84
245.74
245.9
246.18
245.96
245.78
245.98
245.84
245.22
245.4
245.6
245.2
244.78
245.4
245.4
245.48
245.16
244.9
245.22
244.76
245.1
245.22
245.48
244.1
242
240.78
239.68
238.52
237.26
235.76
234.52
233.96
233.08
232.02
230.6
229.84
228.54
228.32
227.36
226.16
225.5
225.3
224.28
223.56
223.56
222.96
222.84
222.84
222.04
221.72
221.52
221.32
220.9
220.82
220.7
220.4
220.24
220.2
219.92
219.82
219.6
219.56
219.16
219.18
219.58
219.46
219.26
218.58
218.6
218.32
218.4
218.3
218.16
217.72
218.24
218.16
218.06
217.76
217.54
217.92
217.92
217.84
217.74
217.34
216.16
214.74
213.22
210.12
207.64
207.18
204.14
201.56
199.3
196.06
196.02
193.54
192.16
189.78
190.06
188.16
186.9
185.12
184.3
184.1
182.96
181.94
181.04
181.36
180
179.8
178.92
178.96
178.2
178.2
178.04
177.5
177.8
176.66
177.02
176.32
176.88
176.28
175.92
175.52
175.6
175.36
175.02
174.58
174.74
174.92
174.64
174.38
174.06
174.42
173.8
174.08
173.2
173.7
173.56
173.26
173.08
173.02
172.54
173.54
176.3
176.3
181.8
184.52
189.56
194.14
198.78
202.54
206.48
210.32
214.42
219.06
221.78
224.8
228.92
231.82
234.08
236.02
238.88
240.22
242.1
245.18
245.74
246.54
248.32
249.68
250.9
251.94
253.02
253.92
254.5
254.8
255.94
256
256
257.1
256.98
258.04
258.82
259.16
259.62
260.5
260.28
260.82
261.26
261.22
261.12
261.7
262.2
262.16
262.38
262.42
262.12
262.02
261.58
261.62
261.96
262.44
261.92
262.16
259.82
255.56
250.02
250
243.92
236.9
230.3
230.3
221.2
219.44
211.16
204.34
202.22
195.34
187.9
187.08
181.2
180.2
173.2
169.24
168.04
164.78
163.08
158.84
156.46
155.58
153.62
152.08
150.02
146.6
146.94
145.86
145.72
143.7
144.38
142.46
142.46
141.5
140.8
140.88
140.88
140.22
139.8
139.26
139.38
138.7
138.96
138.1
137.7
138.18
138.16
136.86
137.22
136.04
136.82
136.52
136.38
136.16
135.9
135.72
135.72
136.02
137.82
142.64
146.5
152.16
160.36
159.88
164.96
170.42
174.72
179.48
183.86
183.86
187.26
191.38
194.7
197.12
200.32
202.74
205.34
207.82
209.46
211.48
212.56
213.76
214.74
215.7
217.04
217.7
218.58
219.44
219.64
219.98
220.68
221.12
221.24
221.6
222.1
222.46
222.64
222.86
223.3
223.06
223.58
223.92
223.92
224.04
224.2
224.42
224.34
224.22
224.6
224.74
224.72
224.46
224.6
224.74
224.7
225.08
224.92
225.24
226.36
228.94
232.46
236.34
239.9
246.84
249.32
254.14
257.14
261.68
265.76
268.14
272.04
274.44
277.8
280.66
282.76
282.76
286.02
287.9
288.94
290.94
292.68
294.46
295.18
296.52
298.04
299.08
299.44
301.14
301.7
302.72
302.78
303.36
304.34
304.78
305.18
305.5
306.9
306.74
306.98
307.24
307.92
307.94
307.74
308.16
308.5
309
309
309.06
309.32
309.04
309.56
309.78
309.98
310.02
309.78
309.76
309.5
309.16
309.32
307
304.44
301.5
297.98
294.02
289.4
285.14
278.36
273.14
268.74
265.64
261.86
258.88
256.2
252.9
250.36
247.86
246.02
243.82
243.82
241.74
240.3
238.42
237.38
236.5
235.36
234.88
233.66
233.02
232.56
231.22
230.96
229.98
229.84
229.08
228.9
228.4
227.82
227.76
227.92
227.42
227.56
226.9
226.88
226.92
227.06
226.54
226
225.86
226
226.04
226.04
225.8
226.14
226.04
226.2
226.12
226.16
226.28
226.66
226.38
227.22
229.54
232.84
237.94
241.16
244.96
248.54
254.52
256.92
260.4
264.6
267.62
270.44
274.02
276.06
278.54
282.04
283.06
285.04
287.88
289.04
290.22
291.86
291.86
293.58
294.54
296.06
296.72
298.56
298.44
299.38
300.16
300.62
301.04
301.12
302.12
302.16
302.78
303.74
303.68
304.06
304.46
304.64
305.5
304.98
305.72
305.96
306.16
306.18
306.6
306.4
306.52
306.66
306.14
307.16
307.16
306.88
307.12
306.9
307.18
307.4
306.76
305.6
305.42
304.66
303
302.16
301.5
300.96
300.04
299.04
298.66
297.8
297.5
296.86
296.32
296.06
295.38
296.04
294.68
294.82
294.88
293.72
293.98
294.18
294.18
294.36
293.9
294.14
294.28
294.06
293.44
293.96
293.94
293.92
293.82
293.4
293.5
293.46
294.1
293.5
293.28
294.38
294.06
293.38
293.8
293.82
294.2
294.46
293.92
294.2
294.78
294.38
293.9
293.72
294.08
294.5
294.5
293.64
294.64
293.78
291.22
286.28
279.5
270.94
260.92
249.86
246.5
233.74
223.5
219.08
209.24
194.68
192.7
182.82
181.72
172.28
170.84
161.88
160.72
152.32
151.48
146.22
146.8
144.76
141.24
138.74
135.46
134.12
131.88
131.88
130.48
128.26
127.04
125.96
125.24
122.78
122.52
121.1
120.7
118.68
119.46
119.04
119.02
119.44
118.78
117.36
117.92
117.8
117.42
117.08
116.72
116.98
116.92
116.36
116.62
116.5
116.54
117.16
117.26
116.8
120.12
120.12
128.18
132.28
141.22
150.28
159.88
170.24
177.84
184.28
190.4
196.32
201.48
206.36
213.9
217.78
220.4
223.92
227.24
230.86
232.76
234.8
236.54
240.08
240.26
241.68
243.12
244.04
245.1
246.14
246.62
247.76
248.08
248.68
248.68
249.06
249.42
250.22
250.7
251.16
251.74
251.96
251.92
251.6
252.18
253.16
252.86
253.04
253.12
252.74
253.22
253.44
253.64
254.1
254.3
253.98
254.24
254.18
254.1
254.2
252.96
251.14
248.36
245.92
244.08
241.24
238.6
236.28
236.28
233.76
231.24
229.14
226.36
223.86
224.48
222.9
220.7
219.22
218.24
216.38
215.58
214.42
213.18
212.42
211.78
211.68
211.24
