SP	FB	KP	KI	KD	PWM
0,000000	283,160000	3,350000	19,140000	0,000000	1310,000000
0,000000	0,000000	3,360000	19,250000	0,000000	1410,000000
0,000000	237,120000	3,360000	19,140000	0,000000	1410,000000
0,000000	246,640000	3,300000	0,000000	0,000000	0,000000
0,000000	246,640000	3,300000	0,000000	0,000000	0,000000
0,000000	246,640000	3,300000	0,000000	0,000000	0,000000
0,000000	246,640000	3,300000	0,000000	0,000000	0,000000
0,000000	246,640000	3,300000	0,000000	0,000000	0,000000
0,000000	246,640000	3,300000	0,000000	0,000000	0,000000
0,000000	246,640000	3,300000	0,000000	0,000000	0,000000
0,000000	246,640000	3,300000	0,000000	0,000000	0,000000
0,000000	246,640000	3,300000	0,000000	0,000000	0,000000
0,000000	246,640000	3,300000	0,000000	0,000000	0,000000
0,000000	246,640000	3,300000	0,000000	0,000000	0,000000
0,000000	0,000000	3,350000	19,140000	0,000000	900,000000
0,000000	339,160000	3,350000	19,140000	0,000000	900,000000
0,000000	340,060000	3,350000	19,140000	0,000000	900,000000
0,000000	337,020000	3,350000	19,140000	0,000000	900,000000
0,000000	330,980000	3,350000	19,140000	0,000000	900,000000
0,000000	316,860000	3,350000	19,140000	0,000000	900,000000
0,000000	296,300000	3,350000	19,140000	0,000000	900,000000
0,000000	259,060000	3,350000	19,140000	0,000000	900,000000
0,000000	221,820000	3,350000	19,140000	0,000000	900,000000
0,000000	0,700000	3,350000	19,140000	0,000000	900,000000
0,000000	0,000000	3,350000	19,140000	0,000000	900,000000
0,000000	0,000000	3,350000	19,140000	0,000000	900,000000
0,000000	0,000000	3,350000	19,140000	0,000000	900,000000
0,000000	0,000000	3,350000	19,140000	0,000000	900,000000
0,000000	0,000000	3,350000	19,140000	0,000000	900,000000
0,000000	0,000000	3,350000	19,140000	0,000000	900,000000
0,000000	0,000000	3,350000	19,140000	0,000000	900,000000
0,000000	0,000000	3,350000	19,140000	0,000000	900,000000
0,000000	0,000000	3,350000	19,140000	0,000000	900,000000
0,000000	0,000000	3,350000	19,140000	0,000000	900,000000
0,000000	0,000000	3,350000	19,140000	0,000000	900,000000
0,000000	0,000000	3,350000	19,140000	0,000000	900,000000
0,000000	0,000000	3,350000	19,140000	0,000000	900,000000
0,000000	0,000000	3,350000	19,140000	0,000000	900,000000
0,000000	0,000000	3,350000	19,140000	0,000000	900,000000
0,000000	0,000000	3,350000	19,140000	0,000000	900,000000
0,000000	0,000000	3,350000	19,140000	0,000000	900,000000
0,000000	0,000000	3,350000	19,140000	0,000000	900,000000
0,000000	0,000000	3,350000	19,140000	0,000000	900,000000
0,000000	0,000000	3,350000	19,140000	0,000000	900,000000
0,000000	0,000000	3,350000	19,140000	0,000000	900,000000
0,000000	0,000000	3,350000	19,140000	0,000000	900,000000
0,000000	0,000000	3,350000	19,140000	0,000000	900,000000
0,000000	0,000000	3,350000	19,140000	0,000000	900,000000
0,000000	0,000000	3,350000	19,140000	0,000000	900,000000
0,000000	0,000000	3,350000	19,140000	0,000000	900,000000
0,000000	0,000000	3,350000	19,140000	0,000000	900,000000
0,000000	0,000000	3,350000	19,140000	0,000000	900,000000
0,000000	0,000000	3,350000	19,140000	0,000000	900,000000
0,000000	0,000000	3,350000	19,140000	0,000000	900,000000
0,000000	0,000000	3,350000	19,140000	0,000000	900,000000
0,000000	0,000000	3,350000	19,140000	0,000000	1384,000000
0,000000	0,060000	3,350000	19,140000	0,000000	1384,000000
0,000000	0,000000	3,350000	19,140000	0,000000	1384,000000
0,000000	0,000000	3,350000	19,140000	0,000000	1384,000000
0,000000	2,760000	3,350000	19,140000	0,000000	1384,000000
0,000000	3,740000	3,350000	19,140000	0,000000	1384,000000
0,000000	4,840000	3,350000	19,140000	0,000000	1384,000000
0,000000	23,840000	3,350000	19,140000	0,000000	1384,000000
0,000000	40,400000	3,350000	19,140000	0,000000	1384,000000
0,000000	70,340000	3,350000	19,140000	0,000000	1384,000000
0,000000	93,300000	3,350000	19,140000	0,000000	1384,000000
0,000000	116,200000	3,350000	19,140000	0,000000	1308,000000
0,000000	145,640000	3,350000	19,140000	0,000000	1308,000000
0,000000	157,600000	3,350000	19,140000	0,000000	1308,000000
0,000000	171,380000	3,350000	19,140000	0,000000	1308,000000
0,000000	182,340000	3,350000	19,140000	0,000000	1308,000000
0,000000	188,680000	3,350000	19,140000	0,000000	1308,000000
0,000000	198,280000	3,350000	19,140000	0,000000	1308,000000
0,000000	203,420000	3,350000	19,140000	0,000000	1308,000000
0,000000	210,820000	3,350000	19,140000	0,000000	1308,000000
0,000000	210,820000	3,350000	19,140000	0,000000	1308,000000
0,000000	215,080000	3,350000	19,140000	0,000000	1308,000000
0,000000	219,080000	3,350000	19,140000	0,000000	1308,000000
0,000000	224,440000	3,350000	19,140000	0,000000	1308,000000
0,000000	227,120000	3,350000	19,140000	0,000000	1308,000000
0,000000	233,300000	3,350000	19,140000	0,000000	1308,000000
0,000000	234,700000	3,350000	19,140000	0,000000	1308,000000
0,000000	238,140000	3,350000	19,140000	0,000000	1308,000000
0,000000	240,620000	3,350000	19,140000	0,000000	1308,000000
0,000000	243,080000	3,350000	19,140000	0,000000	1308,000000
0,000000	245,300000	3,350000	19,140000	0,000000	1308,000000
0,000000	246,900000	3,350000	19,140000	0,000000	1308,000000
0,000000	248,880000	3,350000	19,140000	0,000000	1308,000000
0,000000	250,160000	3,350000	19,140000	0,000000	1308,000000
0,000000	253,020000	3,350000	19,140000	0,000000	1308,000000
0,000000	253,160000	3,350000	19,140000	0,000000	1308,000000
0,000000	255,160000	3,350000	19,140000	0,000000	1308,000000
0,000000	255,780000	3,350000	19,140000	0,000000	1308,000000
0,000000	256,600000	3,350000	19,140000	0,000000	1308,000000
0,000000	257,840000	3,350000	19,140000	0,000000	1308,000000
0,000000	258,280000	3,350000	19,140000	0,000000	1308,000000
0,000000	258,900000	3,350000	19,140000	0,000000	1308,000000
0,000000	259,800000	3,350000	19,140000	0,000000	1308,000000
0,000000	259,780000	3,350000	19,140000	0,000000	1308,000000
0,000000	260,980000	3,350000	19,140000	0,000000	1308,000000
0,000000	261,080000	3,350000	19,140000	0,000000	1308,000000
0,000000	261,840000	3,350000	19,140000	0,000000	1308,000000
0,000000	262,520000	3,350000	19,140000	0,000000	1308,000000
0,000000	262,680000	3,350000	19,140000	0,000000	1308,000000
0,000000	263,180000	3,350000	19,140000	0,000000	1308,000000
0,000000	263,660000	3,350000	19,140000	0,000000	1308,000000
0,000000	263,880000	3,350000	19,140000	0,000000	1308,000000
0,000000	264,420000	3,350000	19,140000	0,000000	1308,000000
0,000000	264,420000	3,350000	19,140000	0,000000	1308,000000
0,000000	264,640000	3,350000	19,140000	0,000000	1308,000000
0,000000	265,340000	3,350000	19,140000	0,000000	1308,000000
0,000000	264,980000	3,350000	19,140000	0,000000	1308,000000
0,000000	265,220000	3,350000	19,140000	0,000000	1308,000000
0,000000	265,040000	3,350000	19,140000	0,000000	1308,000000
0,000000	265,360000	3,350000	19,140000	0,000000	1308,000000
0,000000	265,180000	3,350000	19,140000	0,000000	1308,000000
0,000000	265,560000	3,350000	19,140000	0,000000	1308,000000
0,000000	265,400000	3,350000	19,140000	0,000000	1308,000000
0,000000	265,460000	3,350000	19,140000	0,000000	1308,000000
0,000000	266,100000	3,350000	19,140000	0,000000	1308,000000
0,000000	266,100000	3,350000	19,140000	0,000000	1308,000000
0,000000	266,700000	3,350000	19,140000	0,000000	1308,000000
0,000000	266,420000	3,350000	19,140000	0,000000	1308,000000
0,000000	266,760000	3,350000	19,140000	0,000000	1308,000000
0,000000	267,020000	3,350000	19,140000	0,000000	1308,000000
0,000000	267,180000	3,350000	19,140000	0,000000	1308,000000
0,000000	267,940000	3,350000	19,140000	0,000000	1308,000000
0,000000	268,300000	3,350000	19,140000	0,000000	1308,000000
0,000000	268,120000	3,350000	19,140000	0,000000	1308,000000
0,000000	268,060000	3,350000	19,140000	0,000000	1362,000000
0,000000	268,840000	3,350000	19,140000	0,000000	1362,000000
0,000000	270,700000	3,350000	19,140000	0,000000	1362,000000
0,000000	272,540000	3,350000	19,140000	0,000000	1362,000000
0,000000	275,300000	3,350000	19,140000	0,000000	1362,000000
0,000000	279,020000	3,350000	19,140000	0,000000	1362,000000
0,000000	281,840000	3,350000	19,140000	0,000000	1362,000000
0,000000	284,680000	3,350000	19,140000	0,000000	1362,000000
0,000000	288,340000	3,350000	19,140000	0,000000	1362,000000
0,000000	291,060000	3,350000	19,140000	0,000000	1362,000000
0,000000	295,760000	3,350000	19,140000	0,000000	1362,000000
0,000000	295,760000	3,350000	19,140000	0,000000	1362,000000
0,000000	297,460000	3,350000	19,140000	0,000000	1362,000000
0,000000	300,460000	3,350000	19,140000	0,000000	1362,000000
0,000000	301,320000	3,350000	19,140000	0,000000	1362,000000
0,000000	303,680000	3,350000	19,140000	0,000000	1362,000000
0,000000	305,860000	3,350000	19,140000	0,000000	1362,000000
0,000000	307,920000	3,350000	19,140000	0,000000	1362,000000
0,000000	309,720000	3,350000	19,140000	0,000000	1362,000000
0,000000	311,400000	3,350000	19,140000	0,000000	1362,000000
0,000000	313,420000	3,350000	19,140000	0,000000	1362,000000
0,000000	314,020000	3,350000	19,140000	0,000000	1362,000000
0,000000	316,120000	3,350000	19,140000	0,000000	1362,000000
0,000000	317,020000	3,350000	19,140000	0,000000	1362,000000
0,000000	318,740000	3,350000	19,140000	0,000000	1362,000000
0,000000	319,120000	3,350000	19,140000	0,000000	1362,000000
0,000000	320,640000	3,350000	19,140000	0,000000	1362,000000
0,000000	321,500000	3,350000	19,140000	0,000000	1362,000000
0,000000	322,080000	3,350000	19,140000	0,000000	1362,000000
0,000000	322,940000	3,350000	19,140000	0,000000	1362,000000
0,000000	323,600000	3,350000	19,140000	0,000000	1362,000000
0,000000	324,520000	3,350000	19,140000	0,000000	1362,000000
0,000000	325,200000	3,350000	19,140000	0,000000	1362,000000
0,000000	326,060000	3,350000	19,140000	0,000000	1362,000000
0,000000	326,200000	3,350000	19,140000	0,000000	1362,000000
0,000000	326,640000	3,350000	19,140000	0,000000	1362,000000
0,000000	327,180000	3,350000	19,140000	0,000000	1362,000000
0,000000	328,000000	3,350000	19,140000	0,000000	1362,000000
0,000000	328,060000	3,350000	19,140000	0,000000	1362,000000
0,000000	328,440000	3,350000	19,140000	0,000000	1362,000000
0,000000	328,400000	3,350000	19,140000	0,000000	1362,000000
0,000000	328,400000	3,350000	19,140000	0,000000	1362,000000
0,000000	328,260000	3,350000	19,140000	0,000000	1362,000000
0,000000	328,540000	3,350000	19,140000	0,000000	1362,000000
0,000000	329,240000	3,350000	19,140000	0,000000	1362,000000
0,000000	328,640000	3,350000	19,140000	0,000000	1362,000000
0,000000	328,700000	3,350000	19,140000	0,000000	1362,000000
0,000000	328,540000	3,350000	19,140000	0,000000	1362,000000
0,000000	328,360000	3,350000	19,140000	0,000000	1362,000000
0,000000	328,480000	3,350000	19,140000	0,000000	1362,000000
0,000000	328,960000	3,350000	19,140000	0,000000	1362,000000
0,000000	328,540000	3,350000	19,140000	0,000000	1362,000000
0,000000	328,620000	3,350000	19,140000	0,000000	1362,000000
0,000000	327,940000	3,350000	19,140000	0,000000	1362,000000
0,000000	328,020000	3,350000	19,140000	0,000000	1362,000000
0,000000	328,020000	3,350000	19,140000	0,000000	1362,000000
0,000000	327,860000	3,350000	19,140000	0,000000	1362,000000
0,000000	328,100000	3,350000	19,140000	0,000000	1362,000000
0,000000	328,280000	3,350000	19,140000	0,000000	1362,000000
0,000000	328,380000	3,350000	19,140000	0,000000	1362,000000
0,000000	328,580000	3,350000	19,140000	0,000000	1362,000000
0,000000	328,980000	3,350000	19,140000	0,000000	1362,000000
0,000000	329,140000	3,350000	19,140000	0,000000	1362,000000
0,000000	329,740000	3,350000	19,140000	0,000000	1311,000000
0,000000	329,740000	3,350000	19,140000	0,000000	1311,000000
0,000000	327,900000	3,350000	19,140000	0,000000	1311,000000
0,000000	325,100000	3,350000	19,140000	0,000000	1311,000000
0,000000	322,660000	3,350000	19,140000	0,000000	1311,000000
0,000000	320,740000	3,350000	19,140000	0,000000	1311,000000
0,000000	318,060000	3,350000	19,140000	0,000000	1311,000000
0,000000	313,960000	3,350000	19,140000	0,000000	1311,000000
0,000000	313,960000	3,350000	19,140000	0,000000	1311,000000
0,000000	311,720000	3,350000	19,140000	0,000000	1311,000000
0,000000	308,780000	3,350000	19,140000	0,000000	1311,000000
0,000000	306,940000	3,350000	19,140000	0,000000	1311,000000
0,000000	302,680000	3,350000	19,140000	0,000000	1311,000000
0,000000	301,160000	3,350000	19,140000	0,000000	1311,000000
0,000000	299,100000	3,350000	19,140000	0,000000	1311,000000
0,000000	297,280000	3,350000	19,140000	0,000000	1311,000000
0,000000	294,960000	3,350000	19,140000	0,000000	1311,000000
0,000000	292,040000	3,350000	19,140000	0,000000	1311,000000
0,000000	290,680000	3,350000	19,140000	0,000000	1311,000000
0,000000	288,740000	3,350000	19,140000	0,000000	1311,000000
0,000000	287,140000	3,350000	19,140000	0,000000	1311,000000
0,000000	286,100000	3,350000	19,140000	0,000000	1311,000000
0,000000	285,180000	3,350000	19,140000	0,000000	1311,000000
0,000000	282,780000	3,350000	19,140000	0,000000	1311,000000
0,000000	281,880000	3,350000	19,140000	0,000000	1311,000000
0,000000	281,260000	3,350000	19,140000	0,000000	1311,000000
0,000000	280,360000	3,350000	19,140000	0,000000	1311,000000
0,000000	279,940000	3,350000	19,140000	0,000000	1311,000000
0,000000	278,360000	3,350000	19,140000	0,000000	1311,000000
0,000000	277,680000	3,350000	19,140000	0,000000	1311,000000
0,000000	277,220000	3,350000	19,140000	0,000000	1311,000000
0,000000	276,700000	3,350000	19,140000	0,000000	1311,000000
0,000000	276,400000	3,350000	19,140000	0,000000	1311,000000
0,000000	276,000000	3,350000	19,140000	0,000000	1311,000000
0,000000	274,640000	3,350000	19,140000	0,000000	1311,000000
0,000000	274,860000	3,350000	19,140000	0,000000	1311,000000
0,000000	274,500000	3,350000	19,140000	0,000000	1311,000000
0,000000	274,400000	3,350000	19,140000	0,000000	1311,000000
0,000000	273,960000	3,350000	19,140000	0,000000	1311,000000
0,000000	273,520000	3,350000	19,140000	0,000000	1311,000000
0,000000	273,520000	3,350000	19,140000	0,000000	1311,000000
0,000000	273,040000	3,350000	19,140000	0,000000	1311,000000
0,000000	272,720000	3,350000	19,140000	0,000000	1311,000000
0,000000	273,120000	3,350000	19,140000	0,000000	1311,000000
0,000000	272,900000	3,350000	19,140000	0,000000	1311,000000
0,000000	273,060000	3,350000	19,140000	0,000000	1311,000000
0,000000	272,340000	3,350000	19,140000	0,000000	1311,000000
0,000000	272,200000	3,350000	19,140000	0,000000	1311,000000
0,000000	272,220000	3,350000	19,140000	0,000000	1311,000000
0,000000	271,720000	3,350000	19,140000	0,000000	1311,000000
0,000000	271,880000	3,350000	19,140000	0,000000	1311,000000
0,000000	271,440000	3,350000	19,140000	0,000000	1311,000000
0,000000	271,200000	3,350000	19,140000	0,000000	1311,000000
0,000000	271,140000	3,350000	19,140000	0,000000	1311,000000
0,000000	270,980000	3,350000	19,140000	0,000000	1311,000000
0,000000	271,080000	3,350000	19,140000	0,000000	1311,000000
0,000000	271,060000	3,350000	19,140000	0,000000	1311,000000
0,000000	271,020000	3,350000	19,140000	0,000000	1311,000000
0,000000	271,280000	3,350000	19,140000	0,000000	1311,000000
0,000000	270,540000	3,350000	19,140000	0,000000	1311,000000
0,000000	271,320000	3,350000	19,140000	0,000000	1311,000000
0,000000	271,080000	3,350000	19,140000	0,000000	1311,000000
0,000000	270,680000	3,350000	19,140000	0,000000	1310,000000
0,000000	270,860000	3,350000	19,140000	0,000000	1310,000000
0,000000	270,400000	3,350000	19,140000	0,000000	1310,000000
0,000000	271,160000	3,350000	19,140000	0,000000	1310,000000
0,000000	270,640000	3,350000	19,140000	0,000000	1310,000000
0,000000	269,960000	3,350000	19,140000	0,000000	1310,000000
0,000000	270,020000	3,350000	19,140000	0,000000	1310,000000
0,000000	270,860000	3,350000	19,140000	0,000000	1310,000000
0,000000	270,300000	3,350000	19,140000	0,000000	1310,000000
0,000000	270,300000	3,350000	19,140000	0,000000	1310,000000
0,000000	270,600000	3,350000	19,140000	0,000000	1310,000000
0,000000	271,280000	3,350000	19,140000	0,000000	1310,000000
0,000000	270,920000	3,350000	19,140000	0,000000	1310,000000
0,000000	271,000000	3,350000	19,140000	0,000000	1310,000000
0,000000	271,900000	3,350000	19,140000	0,000000	1310,000000
0,000000	272,860000	3,350000	19,140000	0,000000	1310,000000
0,000000	273,380000	3,350000	19,140000	0,000000	1310,000000
0,000000	273,780000	3,350000	19,140000	0,000000	1310,000000
0,000000	274,580000	3,350000	19,140000	0,000000	1310,000000
0,000000	274,320000	3,350000	19,140000	0,000000	1310,000000
0,000000	275,040000	3,350000	19,140000	0,000000	1310,000000
0,000000	274,800000	3,350000	19,140000	0,000000	1310,000000
0,000000	274,620000	3,350000	19,140000	0,000000	1310,000000
0,000000	275,580000	3,350000	19,140000	0,000000	1310,000000
0,000000	276,260000	3,350000	19,140000	0,000000	1310,000000
0,000000	276,460000	3,350000	19,140000	0,000000	1310,000000
0,000000	276,960000	3,350000	19,140000	0,000000	1310,000000
0,000000	277,520000	3,350000	19,140000	0,000000	1310,000000
0,000000	277,760000	3,350000	19,140000	0,000000	1310,000000
0,000000	278,200000	3,350000	19,140000	0,000000	1310,000000
0,000000	277,880000	3,350000	19,140000	0,000000	1310,000000
0,000000	277,940000	3,350000	19,140000	0,000000	1310,000000
0,000000	277,940000	3,350000	19,140000	0,000000	1310,000000
0,000000	277,960000	3,350000	19,140000	0,000000	1310,000000
0,000000	276,800000	3,350000	19,140000	0,000000	1310,000000
0,000000	276,660000	3,350000	19,140000	0,000000	1310,000000
0,000000	275,480000	3,350000	19,140000	0,000000	1310,000000
0,000000	275,920000	3,350000	19,140000	0,000000	1310,000000
0,000000	275,280000	3,350000	19,140000	0,000000	1310,000000
0,000000	274,540000	3,350000	19,140000	0,000000	1310,000000
0,000000	273,880000	3,350000	19,140000	0,000000	1310,000000
0,000000	273,880000	3,350000	19,140000	0,000000	1310,000000
0,000000	273,740000	3,350000	19,140000	0,000000	1310,000000
0,000000	274,000000	3,350000	19,140000	0,000000	1310,000000
0,000000	273,440000	3,350000	19,140000	0,000000	1310,000000
0,000000	273,380000	3,350000	19,140000	0,000000	1310,000000
0,000000	272,520000	3,350000	19,140000	0,000000	1310,000000
0,000000	272,540000	3,350000	19,140000	0,000000	1310,000000
0,000000	271,740000	3,350000	19,140000	0,000000	1310,000000
0,000000	272,200000	3,350000	19,140000	0,000000	1310,000000
0,000000	271,580000	3,350000	19,140000	0,000000	1310,000000
0,000000	271,040000	3,350000	19,140000	0,000000	1310,000000
0,000000	270,740000	3,350000	19,140000	0,000000	1310,000000
0,000000	270,380000	3,350000	19,140000	0,000000	1310,000000
0,000000	269,940000	3,350000	19,140000	0,000000	1310,000000
0,000000	269,800000	3,350000	19,140000	0,000000	1310,000000
0,000000	270,180000	3,350000	19,140000	0,000000	1310,000000
0,000000	269,960000	3,350000	19,140000	0,000000	1310,000000
0,000000	269,860000	3,350000	19,140000	0,000000	1310,000000
0,000000	269,520000	3,350000	19,140000	0,000000	1310,000000
0,000000	269,500000	3,350000	19,140000	0,000000	1310,000000
0,000000	269,300000	3,350000	19,140000	0,000000	1310,000000
0,000000	269,100000	3,350000	19,140000	0,000000	1383,000000
0,000000	269,780000	3,350000	19,140000	0,000000	1383,000000
0,000000	270,820000	3,350000	19,140000	0,000000	1383,000000
0,000000	273,900000	3,350000	19,140000	0,000000	1383,000000
0,000000	277,100000	3,350000	19,140000	0,000000	1383,000000
0,000000	281,280000	3,350000	19,140000	0,000000	1383,000000
0,000000	285,140000	3,350000	19,140000	0,000000	1383,000000
0,000000	290,220000	3,350000	19,140000	0,000000	1383,000000
0,000000	293,800000	3,350000	19,140000	0,000000	1383,000000
0,000000	298,980000	3,350000	19,140000	0,000000	1383,000000
0,000000	302,260000	3,350000	19,140000	0,000000	1383,000000
0,000000	302,260000	3,350000	19,140000	0,000000	1383,000000
0,000000	306,860000	3,350000	19,140000	0,000000	1383,000000
0,000000	309,880000	3,350000	19,140000	0,000000	1383,000000
0,000000	315,060000	3,350000	19,140000	0,000000	1383,000000
0,000000	317,860000	3,350000	19,140000	0,000000	1383,000000
0,000000	320,920000	3,350000	19,140000	0,000000	1383,000000
0,000000	323,340000	3,350000	19,140000	0,000000	1383,000000
0,000000	326,180000	3,350000	19,140000	0,000000	1383,000000
0,000000	329,160000	3,350000	19,140000	0,000000	1383,000000
0,000000	330,360000	3,350000	19,140000	0,000000	1383,000000
0,000000	332,900000	3,350000	19,140000	0,000000	1383,000000
0,000000	333,700000	3,350000	19,140000	0,000000	1383,000000
0,000000	334,840000	3,350000	19,140000	0,000000	1383,000000
0,000000	336,020000	3,350000	19,140000	0,000000	1383,000000
0,000000	337,500000	3,350000	19,140000	0,000000	1383,000000
0,000000	338,060000	3,350000	19,140000	0,000000	1383,000000
0,000000	339,340000	3,350000	19,140000	0,000000	1383,000000
0,000000	340,540000	3,350000	19,140000	0,000000	1383,000000
0,000000	341,360000	3,350000	19,140000	0,000000	1383,000000
0,000000	342,480000	3,350000	19,140000	0,000000	1383,000000
0,000000	342,700000	3,350000	19,140000	0,000000	1383,000000
0,000000	343,720000	3,350000	19,140000	0,000000	1383,000000
0,000000	344,120000	3,350000	19,140000	0,000000	1383,000000
0,000000	344,320000	3,350000	19,140000	0,000000	1383,000000
0,000000	344,900000	3,350000	19,140000	0,000000	1383,000000
0,000000	344,960000	3,350000	19,140000	0,000000	1383,000000
0,000000	345,260000	3,350000	19,140000	0,000000	1383,000000
0,000000	345,960000	3,350000	19,140000	0,000000	1383,000000
0,000000	346,200000	3,350000	19,140000	0,000000	1383,000000
0,000000	346,780000	3,350000	19,140000	0,000000	1383,000000
0,000000	347,100000	3,350000	19,140000	0,000000	1383,000000
0,000000	347,100000	3,350000	19,140000	0,000000	1383,000000
0,000000	347,820000	3,350000	19,140000	0,000000	1383,000000
0,000000	348,320000	3,350000	19,140000	0,000000	1383,000000
0,000000	347,440000	3,350000	19,140000	0,000000	1383,000000
0,000000	347,880000	3,350000	19,140000	0,000000	1383,000000
0,000000	348,540000	3,350000	19,140000	0,000000	1383,000000
0,000000	348,080000	3,350000	19,140000	0,000000	1383,000000
0,000000	348,360000	3,350000	19,140000	0,000000	1383,000000
0,000000	347,900000	3,350000	19,140000	0,000000	1383,000000
0,000000	347,980000	3,350000	19,140000	0,000000	1383,000000
0,000000	346,980000	3,350000	19,140000	0,000000	1383,000000
0,000000	347,320000	3,350000	19,140000	0,000000	1383,000000
0,000000	347,340000	3,350000	19,140000	0,000000	1383,000000
0,000000	347,120000	3,350000	19,140000	0,000000	1383,000000
0,000000	347,500000	3,350000	19,140000	0,000000	1383,000000
0,000000	346,800000	3,350000	19,140000	0,000000	1383,000000
0,000000	346,880000	3,350000	19,140000	0,000000	1383,000000
0,000000	346,860000	3,350000	19,140000	0,000000	1383,000000
0,000000	347,180000	3,350000	19,140000	0,000000	1380,000000
0,000000	347,640000	3,350000	19,140000	0,000000	1380,000000
0,000000	347,500000	3,350000	19,140000	0,000000	1380,000000
0,000000	347,220000	3,350000	19,140000	0,000000	1380,000000
0,000000	346,920000	3,350000	19,140000	0,000000	1380,000000
0,000000	346,900000	3,350000	19,140000	0,000000	1380,000000
0,000000	347,240000	3,350000	19,140000	0,000000	1380,000000
0,000000	346,360000	3,350000	19,140000	0,000000	1380,000000
0,000000	346,580000	3,350000	19,140000	0,000000	1380,000000
0,000000	346,320000	3,350000	19,140000	0,000000	1380,000000
0,000000	345,900000	3,350000	19,140000	0,000000	1380,000000
0,000000	346,400000	3,350000	19,140000	0,000000	1380,000000
0,000000	346,400000	3,350000	19,140000	0,000000	1380,000000
0,000000	346,380000	3,350000	19,140000	0,000000	1380,000000
0,000000	346,360000	3,350000	19,140000	0,000000	1380,000000
0,000000	346,060000	3,350000	19,140000	0,000000	1380,000000
0,000000	346,180000	3,350000	19,140000	0,000000	1380,000000
0,000000	346,160000	3,350000	19,140000	0,000000	1380,000000
0,000000	345,800000	3,350000	19,140000	0,000000	1380,000000
0,000000	346,060000	3,350000	19,140000	0,000000	1380,000000
0,000000	345,640000	3,350000	19,140000	0,000000	1380,000000
0,000000	346,080000	3,350000	19,140000	0,000000	1380,000000
0,000000	346,000000	3,350000	19,140000	0,000000	1380,000000
0,000000	345,180000	3,350000	19,140000	0,000000	1380,000000
0,000000	345,420000	3,350000	19,140000	0,000000	1380,000000
0,000000	344,840000	3,350000	19,140000	0,000000	1380,000000
0,000000	345,320000	3,350000	19,140000	0,000000	1380,000000
0,000000	345,360000	3,350000	19,140000	0,000000	1380,000000
0,000000	345,100000	3,350000	19,140000	0,000000	1380,000000
0,000000	345,340000	3,350000	19,140000	0,000000	1380,000000
0,000000	345,260000	3,350000	19,140000	0,000000	1380,000000
0,000000	345,360000	3,350000	19,140000	0,000000	1380,000000
0,000000	345,160000	3,350000	19,140000	0,000000	1380,000000
0,000000	345,580000	3,350000	19,140000	0,000000	1380,000000
0,000000	346,140000	3,350000	19,140000	0,000000	1380,000000
0,000000	345,520000	3,350000	19,140000	0,000000	1380,000000
0,000000	345,020000	3,350000	19,140000	0,000000	1380,000000
0,000000	345,380000	3,350000	19,140000	0,000000	1380,000000
0,000000	344,760000	3,350000	19,140000	0,000000	1380,000000
0,000000	344,740000	3,350000	19,140000	0,000000	1380,000000
0,000000	345,280000	3,350000	19,140000	0,000000	1380,000000
0,000000	344,880000	3,350000	19,140000	0,000000	1380,000000
0,000000	345,700000	3,350000	19,140000	0,000000	1380,000000
0,000000	345,520000	3,350000	19,140000	0,000000	1380,000000
0,000000	345,520000	3,350000	19,140000	0,000000	1380,000000
0,000000	345,620000	3,350000	19,140000	0,000000	1380,000000
0,000000	346,060000	3,350000	19,140000	0,000000	1380,000000
0,000000	345,880000	3,350000	19,140000	0,000000	1380,000000
0,000000	346,100000	3,350000	19,140000	0,000000	1380,000000
0,000000	346,420000	3,350000	19,140000	0,000000	1380,000000
0,000000	346,440000	3,350000	19,140000	0,000000	1380,000000
0,000000	346,440000	3,350000	19,140000	0,000000	1380,000000
0,000000	346,520000	3,350000	19,140000	0,000000	1380,000000
0,000000	346,180000	3,350000	19,140000	0,000000	1380,000000
0,000000	345,920000	3,350000	19,140000	0,000000	1380,000000
0,000000	346,160000	3,350000	19,140000	0,000000	1380,000000
0,000000	346,180000	3,350000	19,140000	0,000000	1380,000000
0,000000	346,360000	3,350000	19,140000	0,000000	1380,000000
0,000000	346,020000	3,350000	19,140000	0,000000	1380,000000
0,000000	345,940000	3,350000	19,140000	0,000000	1380,000000
0,000000	346,060000	3,350000	19,140000	0,000000	1380,000000
0,000000	345,820000	3,350000	19,140000	0,000000	1380,000000
0,000000	346,140000	3,350000	19,140000	0,000000	1380,000000
0,000000	345,660000	3,350000	19,140000	0,000000	1380,000000
0,000000	345,540000	3,350000	19,140000	0,000000	1380,000000
0,000000	345,600000	3,350000	19,140000	0,000000	1380,000000
0,000000	345,640000	3,350000	19,140000	0,000000	1380,000000
0,000000	345,800000	3,350000	19,140000	0,000000	1380,000000
0,000000	345,580000	3,350000	19,140000	0,000000	1380,000000
0,000000	345,380000	3,350000	19,140000	0,000000	1380,000000
0,000000	345,620000	3,350000	19,140000	0,000000	1380,000000
0,000000	346,240000	3,350000	19,140000	0,000000	1380,000000
0,000000	345,740000	3,350000	19,140000	0,000000	1380,000000
0,000000	345,600000	3,350000	19,140000	0,000000	1380,000000
0,000000	345,920000	3,350000	19,140000	0,000000	1380,000000
0,000000	345,920000	3,350000	19,140000	0,000000	1380,000000
0,000000	345,960000	3,350000	19,140000	0,000000	1380,000000
0,000000	346,240000	3,350000	19,140000	0,000000	1380,000000
0,000000	346,260000	3,350000	19,140000	0,000000	1380,000000
0,000000	346,220000	3,350000	19,140000	0,000000	1380,000000
0,000000	345,960000	3,350000	19,140000	0,000000	1380,000000
0,000000	346,180000	3,350000	19,140000	0,000000	1380,000000
0,000000	345,600000	3,350000	19,140000	0,000000	1380,000000
0,000000	345,660000	3,350000	19,140000	0,000000	1380,000000
0,000000	345,360000	3,350000	19,140000	0,000000	1380,000000
0,000000	345,200000	3,350000	19,140000	0,000000	1380,000000
0,000000	345,060000	3,350000	19,140000	0,000000	1380,000000
0,000000	345,200000	3,350000	19,140000	0,000000	1380,000000
0,000000	345,120000	3,350000	19,140000	0,000000	1380,000000
0,000000	345,380000	3,350000	19,140000	0,000000	1380,000000
0,000000	345,260000	3,350000	19,140000	0,000000	1380,000000
0,000000	345,640000	3,350000	19,140000	0,000000	1380,000000
0,000000	345,280000	3,350000	19,140000	0,000000	1380,000000
0,000000	345,700000	3,350000	19,140000	0,000000	1380,000000
0,000000	345,660000	3,350000	19,140000	0,000000	1380,000000
0,000000	346,280000	3,350000	19,140000	0,000000	1380,000000
0,000000	346,080000	3,350000	19,140000	0,000000	1380,000000
0,000000	346,620000	3,350000	19,140000	0,000000	1380,000000
0,000000	346,640000	3,350000	19,140000	0,000000	1380,000000
0,000000	346,540000	3,350000	19,140000	0,000000	1380,000000
0,000000	347,340000	3,350000	19,140000	0,000000	1380,000000
0,000000	346,800000	3,350000	19,140000	0,000000	1380,000000
0,000000	347,060000	3,350000	19,140000	0,000000	1380,000000
0,000000	346,940000	3,350000	19,140000	0,000000	1380,000000
0,000000	347,160000	3,350000	19,140000	0,000000	1380,000000
0,000000	347,160000	3,350000	19,140000	0,000000	1380,000000
0,000000	347,260000	3,350000	19,140000	0,000000	1380,000000
0,000000	346,940000	3,350000	19,140000	0,000000	1380,000000
0,000000	347,240000	3,350000	19,140000	0,000000	1380,000000
0,000000	347,320000	3,350000	19,140000	0,000000	1380,000000
0,000000	347,280000	3,350000	19,140000	0,000000	1380,000000
0,000000	347,480000	3,350000	19,140000	0,000000	1380,000000
0,000000	347,200000	3,350000	19,140000	0,000000	1380,000000
0,000000	347,880000	3,350000	19,140000	0,000000	1380,000000
0,000000	347,600000	3,350000	19,140000	0,000000	1380,000000
0,000000	347,560000	3,350000	19,140000	0,000000	1380,000000
0,000000	347,140000	3,350000	19,140000	0,000000	1380,000000
0,000000	347,440000	3,350000	19,140000	0,000000	1380,000000
0,000000	347,180000	3,350000	19,140000	0,000000	1380,000000
0,000000	347,520000	3,350000	19,140000	0,000000	1380,000000
0,000000	347,840000	3,350000	19,140000	0,000000	1380,000000
0,000000	347,800000	3,350000	19,140000	0,000000	1308,000000
0,000000	346,860000	3,350000	19,140000	0,000000	1308,000000
0,000000	342,960000	3,350000	19,140000	0,000000	1308,000000
0,000000	341,040000	3,350000	19,140000	0,000000	1308,000000
0,000000	336,840000	3,350000	19,140000	0,000000	1308,000000
0,000000	331,220000	3,350000	19,140000	0,000000	1308,000000
0,000000	328,060000	3,350000	19,140000	0,000000	1308,000000
0,000000	324,180000	3,350000	19,140000	0,000000	1308,000000
0,000000	320,280000	3,350000	19,140000	0,000000	1308,000000
0,000000	314,320000	3,350000	19,140000	0,000000	1308,000000
0,000000	310,780000	3,350000	19,140000	0,000000	1308,000000
0,000000	308,180000	3,350000	19,140000	0,000000	1308,000000
0,000000	304,880000	3,350000	19,140000	0,000000	1308,000000
0,000000	302,080000	3,350000	19,140000	0,000000	1308,000000
0,000000	299,320000	3,350000	19,140000	0,000000	1308,000000
0,000000	299,320000	3,350000	19,140000	0,000000	1308,000000
0,000000	295,840000	3,350000	19,140000	0,000000	1308,000000
0,000000	293,400000	3,350000	19,140000	0,000000	1308,000000
0,000000	291,440000	3,350000	19,140000	0,000000	1308,000000
0,000000	289,860000	3,350000	19,140000	0,000000	1308,000000
0,000000	288,300000	3,350000	19,140000	0,000000	1308,000000
0,000000	286,600000	3,350000	19,140000	0,000000	1308,000000
0,000000	284,180000	3,350000	19,140000	0,000000	1308,000000
0,000000	282,680000	3,350000	19,140000	0,000000	1308,000000
0,000000	280,760000	3,350000	19,140000	0,000000	1308,000000
0,000000	279,980000	3,350000	19,140000	0,000000	1308,000000
0,000000	278,740000	3,350000	19,140000	0,000000	1308,000000
0,000000	277,620000	3,350000	19,140000	0,000000	1308,000000
0,000000	277,080000	3,350000	19,140000	0,000000	1308,000000
0,000000	275,180000	3,350000	19,140000	0,000000	1308,000000
0,000000	274,520000	3,350000	19,140000	0,000000	1308,000000
0,000000	273,660000	3,350000	19,140000	0,000000	1308,000000
0,000000	273,040000	3,350000	19,140000	0,000000	1308,000000
0,000000	272,360000	3,350000	19,140000	0,000000	1308,000000
0,000000	271,880000	3,350000	19,140000	0,000000	1308,000000
0,000000	270,740000	3,350000	19,140000	0,000000	1308,000000
0,000000	269,980000	3,350000	19,140000	0,000000	1308,000000
0,000000	269,700000	3,350000	19,140000	0,000000	1308,000000
0,000000	269,260000	3,350000	19,140000	0,000000	1308,000000
0,000000	268,580000	3,350000	19,140000	0,000000	1308,000000
0,000000	268,720000	3,350000	19,140000	0,000000	1308,000000
0,000000	267,720000	3,350000	19,140000	0,000000	1308,000000
0,000000	267,440000	3,350000	19,140000	0,000000	1308,000000
0,000000	267,240000	3,350000	19,140000	0,000000	1308,000000
0,000000	266,980000	3,350000	19,140000	0,000000	1308,000000
0,000000	266,760000	3,350000	19,140000	0,000000	1308,000000
0,000000	266,960000	3,350000	19,140000	0,000000	1308,000000
0,000000	266,960000	3,350000	19,140000	0,000000	1308,000000
0,000000	266,640000	3,350000	19,140000	0,000000	1308,000000
0,000000	266,600000	3,350000	19,140000	0,000000	1308,000000
0,000000	265,940000	3,350000	19,140000	0,000000	1308,000000
0,000000	265,660000	3,350000	19,140000	0,000000	1308,000000
0,000000	266,020000	3,350000	19,140000	0,000000	1308,000000
0,000000	265,640000	3,350000	19,140000	0,000000	1308,000000
0,000000	265,940000	3,350000	19,140000	0,000000	1308,000000
0,000000	265,600000	3,350000	19,140000	0,000000	1308,000000
0,000000	265,080000	3,350000	19,140000	0,000000	1308,000000
0,000000	265,000000	3,350000	19,140000	0,000000	1308,000000
0,000000	265,060000	3,350000	19,140000	0,000000	1308,000000
0,000000	264,940000	3,350000	19,140000	0,000000	1308,000000
0,000000	265,040000	3,350000	19,140000	0,000000	1308,000000
0,000000	264,800000	3,350000	19,140000	0,000000	1374,000000
0,000000	265,080000	3,350000	19,140000	0,000000	1374,000000
0,000000	266,800000	3,350000	19,140000	0,000000	1374,000000
0,000000	269,000000	3,350000	19,140000	0,000000	1374,000000
0,000000	272,260000	3,350000	19,140000	0,000000	1374,000000
0,000000	276,420000	3,350000	19,140000	0,000000	1374,000000
0,000000	279,600000	3,350000	19,140000	0,000000	1374,000000
0,000000	283,820000	3,350000	19,140000	0,000000	1374,000000
0,000000	287,620000	3,350000	19,140000	0,000000	1374,000000
0,000000	291,080000	3,350000	19,140000	0,000000	1374,000000
0,000000	295,140000	3,350000	19,140000	0,000000	1374,000000
0,000000	298,260000	3,350000	19,140000	0,000000	1374,000000
0,000000	302,060000	3,350000	19,140000	0,000000	1374,000000
0,000000	305,240000	3,350000	19,140000	0,000000	1374,000000
0,000000	309,340000	3,350000	19,140000	0,000000	1374,000000
0,000000	311,920000	3,350000	19,140000	0,000000	1374,000000
0,000000	311,920000	3,350000	19,140000	0,000000	1374,000000
0,000000	314,940000	3,350000	19,140000	0,000000	1374,000000
0,000000	316,840000	3,350000	19,140000	0,000000	1374,000000
0,000000	319,360000	3,350000	19,140000	0,000000	1374,000000
0,000000	321,100000	3,350000	19,140000	0,000000	1374,000000
0,000000	323,300000	3,350000	19,140000	0,000000	1374,000000
0,000000	324,620000	3,350000	19,140000	0,000000	1374,000000
0,000000	326,120000	3,350000	19,140000	0,000000	1374,000000
0,000000	326,620000	3,350000	19,140000	0,000000	1374,000000
0,000000	328,440000	3,350000	19,140000	0,000000	1374,000000
0,000000	328,520000	3,350000	19,140000	0,000000	1374,000000
0,000000	329,760000	3,350000	19,140000	0,000000	1374,000000
0,000000	330,020000	3,350000	19,140000	0,000000	1374,000000
0,000000	330,460000	3,350000	19,140000	0,000000	1374,000000
0,000000	331,520000	3,350000	19,140000	0,000000	1374,000000
0,000000	332,480000	3,350000	19,140000	0,000000	1374,000000
0,000000	332,600000	3,350000	19,140000	0,000000	1374,000000
0,000000	333,360000	3,350000	19,140000	0,000000	1374,000000
0,000000	333,660000	3,350000	19,140000	0,000000	1374,000000
0,000000	334,000000	3,350000	19,140000	0,000000	1374,000000
0,000000	334,480000	3,350000	19,140000	0,000000	1374,000000
0,000000	335,200000	3,350000	19,140000	0,000000	1374,000000
0,000000	335,360000	3,350000	19,140000	0,000000	1374,000000
0,000000	335,880000	3,350000	19,140000	0,000000	1374,000000
0,000000	336,400000	3,350000	19,140000	0,000000	1374,000000
0,000000	336,280000	3,350000	19,140000	0,000000	1374,000000
0,000000	336,080000	3,350000	19,140000	0,000000	1374,000000
0,000000	336,960000	3,350000	19,140000	0,000000	1374,000000
0,000000	336,500000	3,350000	19,140000	0,000000	1374,000000
0,000000	337,060000	3,350000	19,140000	0,000000	1374,000000
0,000000	337,440000	3,350000	19,140000	0,000000	1374,000000
0,000000	337,440000	3,350000	19,140000	0,000000	1374,000000
0,000000	337,680000	3,350000	19,140000	0,000000	1374,000000
0,000000	337,740000	3,350000	19,140000	0,000000	1374,000000
0,000000	338,100000	3,350000	19,140000	0,000000	1374,000000
0,000000	338,020000	3,350000	19,140000	0,000000	1374,000000
0,000000	338,620000	3,350000	19,140000	0,000000	1374,000000
0,000000	338,480000	3,350000	19,140000	0,000000	1374,000000
0,000000	338,480000	3,350000	19,140000	0,000000	1374,000000
0,000000	338,540000	3,350000	19,140000	0,000000	1374,000000
0,000000	338,680000	3,350000	19,140000	0,000000	1374,000000
0,000000	338,420000	3,350000	19,140000	0,000000	1374,000000
0,000000	338,380000	3,350000	19,140000	0,000000	1374,000000
0,000000	337,900000	3,350000	19,140000	0,000000	1374,000000
0,000000	337,860000	3,350000	19,140000	0,000000	1384,000000
0,000000	338,740000	3,350000	19,140000	0,000000	1384,000000
0,000000	338,960000	3,350000	19,140000	0,000000	1384,000000
0,000000	339,680000	3,350000	19,140000	0,000000	1384,000000
0,000000	340,560000	3,350000	19,140000	0,000000	1384,000000
0,000000	341,460000	3,350000	19,140000	0,000000	1384,000000
0,000000	342,200000	3,350000	19,140000	0,000000	1384,000000
0,000000	343,000000	3,350000	19,140000	0,000000	1384,000000
0,000000	344,260000	3,350000	19,140000	0,000000	1384,000000
0,000000	345,120000	3,350000	19,140000	0,000000	1384,000000
0,000000	345,780000	3,350000	19,140000	0,000000	1384,000000
0,000000	346,740000	3,350000	19,140000	0,000000	1384,000000
0,000000	346,460000	3,350000	19,140000	0,000000	1384,000000
0,000000	348,240000	3,350000	19,140000	0,000000	1384,000000
0,000000	348,160000	3,350000	19,140000	0,000000	1384,000000
0,000000	349,340000	3,350000	19,140000	0,000000	1384,000000
0,000000	349,700000	3,350000	19,140000	0,000000	1384,000000
0,000000	350,220000	3,350000	19,140000	0,000000	1384,000000
0,000000	350,220000	3,350000	19,140000	0,000000	1384,000000
0,000000	351,420000	3,350000	19,140000	0,000000	1384,000000
0,000000	351,640000	3,350000	19,140000	0,000000	1384,000000
0,000000	352,260000	3,350000	19,140000	0,000000	1384,000000
0,000000	352,840000	3,350000	19,140000	0,000000	1384,000000
0,000000	353,120000	3,350000	19,140000	0,000000	1384,000000
0,000000	354,020000	3,350000	19,140000	0,000000	1384,000000
0,000000	354,240000	3,350000	19,140000	0,000000	1384,000000
0,000000	354,940000	3,350000	19,140000	0,000000	1384,000000
0,000000	355,260000	3,350000	19,140000	0,000000	1384,000000
0,000000	355,480000	3,350000	19,140000	0,000000	1384,000000
0,000000	355,020000	3,350000	19,140000	0,000000	1384,000000
0,000000	355,080000	3,350000	19,140000	0,000000	1384,000000
0,000000	355,540000	3,350000	19,140000	0,000000	1384,000000
0,000000	354,860000	3,350000	19,140000	0,000000	1384,000000
0,000000	355,380000	3,350000	19,140000	0,000000	1384,000000
0,000000	355,640000	3,350000	19,140000	0,000000	1384,000000
0,000000	355,520000	3,350000	19,140000	0,000000	1384,000000
0,000000	355,540000	3,350000	19,140000	0,000000	1384,000000
0,000000	355,520000	3,350000	19,140000	0,000000	1384,000000
0,000000	355,720000	3,350000	19,140000	0,000000	1384,000000
0,000000	355,240000	3,350000	19,140000	0,000000	1384,000000
0,000000	355,500000	3,350000	19,140000	0,000000	1384,000000
0,000000	355,940000	3,350000	19,140000	0,000000	1384,000000
0,000000	355,800000	3,350000	19,140000	0,000000	1384,000000
0,000000	356,040000	3,350000	19,140000	0,000000	1384,000000
0,000000	356,100000	3,350000	19,140000	0,000000	1384,000000
0,000000	356,520000	3,350000	19,140000	0,000000	1384,000000
0,000000	355,900000	3,350000	19,140000	0,000000	1384,000000
0,000000	356,440000	3,350000	19,140000	0,000000	1384,000000
0,000000	356,540000	3,350000	19,140000	0,000000	1384,000000
0,000000	356,360000	3,350000	19,140000	0,000000	1384,000000
0,000000	356,360000	3,350000	19,140000	0,000000	1384,000000
0,000000	357,100000	3,350000	19,140000	0,000000	1384,000000
0,000000	356,920000	3,350000	19,140000	0,000000	1384,000000
0,000000	358,000000	3,350000	19,140000	0,000000	1384,000000
0,000000	357,080000	3,350000	19,140000	0,000000	1384,000000
0,000000	356,900000	3,350000	19,140000	0,000000	1384,000000
0,000000	357,200000	3,350000	19,140000	0,000000	1384,000000
0,000000	356,660000	3,350000	19,140000	0,000000	1384,000000
0,000000	357,700000	3,350000	19,140000	0,000000	1384,000000
0,000000	357,100000	3,350000	19,140000	0,000000	1384,000000
0,000000	356,800000	3,350000	19,140000	0,000000	1384,000000
0,000000	356,660000	3,350000	19,140000	0,000000	1303,000000
0,000000	356,620000	3,350000	19,140000	0,000000	1303,000000
0,000000	353,460000	3,350000	19,140000	0,000000	1303,000000
0,000000	350,220000	3,350000	19,140000	0,000000	1303,000000
0,000000	343,620000	3,350000	19,140000	0,000000	1303,000000
0,000000	341,140000	3,350000	19,140000	0,000000	1303,000000
0,000000	337,380000	3,350000	19,140000	0,000000	1303,000000
0,000000	332,860000	3,350000	19,140000	0,000000	1303,000000
0,000000	325,360000	3,350000	19,140000	0,000000	1303,000000
0,000000	322,020000	3,350000	19,140000	0,000000	1303,000000
0,000000	318,080000	3,350000	19,140000	0,000000	1303,000000
0,000000	314,000000	3,350000	19,140000	0,000000	1303,000000
0,000000	310,140000	3,350000	19,140000	0,000000	1303,000000
0,000000	305,500000	3,350000	19,140000	0,000000	1303,000000
0,000000	300,600000	3,350000	19,140000	0,000000	1303,000000
0,000000	298,300000	3,350000	19,140000	0,000000	1303,000000
0,000000	295,780000	3,350000	19,140000	0,000000	1303,000000
0,000000	292,580000	3,350000	19,140000	0,000000	1303,000000
0,000000	290,580000	3,350000	19,140000	0,000000	1303,000000
0,000000	290,580000	3,350000	19,140000	0,000000	1303,000000
0,000000	288,200000	3,350000	19,140000	0,000000	1303,000000
0,000000	286,540000	3,350000	19,140000	0,000000	1303,000000
0,000000	282,540000	3,350000	19,140000	0,000000	1303,000000
0,000000	281,060000	3,350000	19,140000	0,000000	1303,000000
0,000000	279,840000	3,350000	19,140000	0,000000	1303,000000
0,000000	278,520000	3,350000	19,140000	0,000000	1303,000000
0,000000	277,000000	3,350000	19,140000	0,000000	1303,000000
0,000000	275,540000	3,350000	19,140000	0,000000	1303,000000
0,000000	274,020000	3,350000	19,140000	0,000000	1303,000000
0,000000	273,160000	3,350000	19,140000	0,000000	1303,000000
0,000000	270,780000	3,350000	19,140000	0,000000	1303,000000
0,000000	270,200000	3,350000	19,140000	0,000000	1303,000000
0,000000	269,660000	3,350000	19,140000	0,000000	1303,000000
0,000000	269,140000	3,350000	19,140000	0,000000	1303,000000
0,000000	267,540000	3,350000	19,140000	0,000000	1303,000000
0,000000	267,280000	3,350000	19,140000	0,000000	1303,000000
0,000000	266,840000	3,350000	19,140000	0,000000	1303,000000
0,000000	266,160000	3,350000	19,140000	0,000000	1303,000000
0,000000	265,040000	3,350000	19,140000	0,000000	1303,000000
0,000000	264,260000	3,350000	19,140000	0,000000	1303,000000
0,000000	263,880000	3,350000	19,140000	0,000000	1303,000000
0,000000	263,600000	3,350000	19,140000	0,000000	1303,000000
0,000000	262,960000	3,350000	19,140000	0,000000	1303,000000
0,000000	262,960000	3,350000	19,140000	0,000000	1303,000000
0,000000	262,540000	3,350000	19,140000	0,000000	1303,000000
0,000000	261,860000	3,350000	19,140000	0,000000	1303,000000
0,000000	261,860000	3,350000	19,140000	0,000000	1303,000000
0,000000	261,500000	3,350000	19,140000	0,000000	1303,000000
0,000000	261,220000	3,350000	19,140000	0,000000	1303,000000
0,000000	261,260000	3,350000	19,140000	0,000000	1303,000000
0,000000	261,260000	3,350000	19,140000	0,000000	1303,000000
0,000000	260,520000	3,350000	19,140000	0,000000	1303,000000
0,000000	261,100000	3,350000	19,140000	0,000000	1303,000000
0,000000	260,860000	3,350000	19,140000	0,000000	1303,000000
0,000000	260,660000	3,350000	19,140000	0,000000	1303,000000
0,000000	260,340000	3,350000	19,140000	0,000000	1303,000000
0,000000	260,340000	3,350000	19,140000	0,000000	1303,000000
0,000000	260,500000	3,350000	19,140000	0,000000	1303,000000
0,000000	259,760000	3,350000	19,140000	0,000000	1303,000000
0,000000	259,760000	3,350000	19,140000	0,000000	1303,000000
0,000000	259,540000	3,350000	19,140000	0,000000	1303,000000
0,000000	259,940000	3,350000	19,140000	0,000000	1370,000000
0,000000	259,660000	3,350000	19,140000	0,000000	1370,000000
0,000000	261,740000	3,350000	19,140000	0,000000	1370,000000
0,000000	263,020000	3,350000	19,140000	0,000000	1370,000000
0,000000	266,280000	3,350000	19,140000	0,000000	1370,000000
0,000000	271,360000	3,350000	19,140000	0,000000	1370,000000
0,000000	273,240000	3,350000	19,140000	0,000000	1370,000000
0,000000	276,980000	3,350000	19,140000	0,000000	1370,000000
0,000000	282,000000	3,350000	19,140000	0,000000	1370,000000
0,000000	284,880000	3,350000	19,140000	0,000000	1370,000000
0,000000	289,960000	3,350000	19,140000	0,000000	1370,000000
0,000000	291,460000	3,350000	19,140000	0,000000	1370,000000
0,000000	295,520000	3,350000	19,140000	0,000000	1370,000000
0,000000	298,120000	3,350000	19,140000	0,000000	1370,000000
0,000000	300,500000	3,350000	19,140000	0,000000	1370,000000
0,000000	304,400000	3,350000	19,140000	0,000000	1370,000000
0,000000	306,140000	3,350000	19,140000	0,000000	1370,000000
0,000000	309,240000	3,350000	19,140000	0,000000	1370,000000
0,000000	311,200000	3,350000	19,140000	0,000000	1370,000000
0,000000	314,760000	3,350000	19,140000	0,000000	1370,000000
0,000000	316,420000	3,350000	19,140000	0,000000	1370,000000
0,000000	316,420000	3,350000	19,140000	0,000000	1370,000000
0,000000	318,400000	3,350000	19,140000	0,000000	1370,000000
0,000000	319,740000	3,350000	19,140000	0,000000	1370,000000
0,000000	321,260000	3,350000	19,140000	0,000000	1370,000000
0,000000	322,440000	3,350000	19,140000	0,000000	1370,000000
0,000000	324,180000	3,350000	19,140000	0,000000	1370,000000
0,000000	325,020000	3,350000	19,140000	0,000000	1370,000000
0,000000	326,020000	3,350000	19,140000	0,000000	1370,000000
0,000000	327,220000	3,350000	19,140000	0,000000	1370,000000
0,000000	327,920000	3,350000	19,140000	0,000000	1370,000000
0,000000	329,080000	3,350000	19,140000	0,000000	1370,000000
0,000000	329,400000	3,350000	19,140000	0,000000	1370,000000
0,000000	330,040000	3,350000	19,140000	0,000000	1370,000000
0,000000	330,840000	3,350000	19,140000	0,000000	1370,000000
0,000000	331,340000	3,350000	19,140000	0,000000	1370,000000
0,000000	332,360000	3,350000	19,140000	0,000000	1370,000000
0,000000	332,280000	3,350000	19,140000	0,000000	1370,000000
0,000000	332,980000	3,350000	19,140000	0,000000	1370,000000
0,000000	333,220000	3,350000	19,140000	0,000000	1370,000000
0,000000	333,760000	3,350000	19,140000	0,000000	1370,000000
0,000000	333,560000	3,350000	19,140000	0,000000	1370,000000
0,000000	333,960000	3,350000	19,140000	0,000000	1370,000000
0,000000	334,360000	3,350000	19,140000	0,000000	1370,000000
0,000000	334,560000	3,350000	19,140000	0,000000	1370,000000
0,000000	334,960000	3,350000	19,140000	0,000000	1370,000000
0,000000	334,620000	3,350000	19,140000	0,000000	1370,000000
0,000000	335,600000	3,350000	19,140000	0,000000	1370,000000
0,000000	335,820000	3,350000	19,140000	0,000000	1370,000000
0,000000	335,460000	3,350000	19,140000	0,000000	1370,000000
0,000000	335,840000	3,350000	19,140000	0,000000	1370,000000
0,000000	336,160000	3,350000	19,140000	0,000000	1370,000000
0,000000	336,160000	3,350000	19,140000	0,000000	1370,000000
0,000000	336,560000	3,350000	19,140000	0,000000	1370,000000
0,000000	336,660000	3,350000	19,140000	0,000000	1370,000000
0,000000	336,940000	3,350000	19,140000	0,000000	1370,000000
0,000000	336,380000	3,350000	19,140000	0,000000	1370,000000
0,000000	336,440000	3,350000	19,140000	0,000000	1370,000000
0,000000	336,960000	3,350000	19,140000	0,000000	1370,000000
0,000000	336,640000	3,350000	19,140000	0,000000	1370,000000
0,000000	336,900000	3,350000	19,140000	0,000000	1370,000000
0,000000	336,580000	3,350000	19,140000	0,000000	1315,000000
0,000000	336,760000	3,350000	19,140000	0,000000	1315,000000
0,000000	334,720000	3,350000	19,140000	0,000000	1315,000000
0,000000	333,180000	3,350000	19,140000	0,000000	1315,000000
0,000000	330,620000	3,350000	19,140000	0,000000	1315,000000
0,000000	327,320000	3,350000	19,140000	0,000000	1315,000000
0,000000	325,580000	3,350000	19,140000	0,000000	1315,000000
0,000000	322,960000	3,350000	19,140000	0,000000	1315,000000
0,000000	319,980000	3,350000	19,140000	0,000000	1315,000000
0,000000	316,940000	3,350000	19,140000	0,000000	1315,000000
0,000000	314,800000	3,350000	19,140000	0,000000	1315,000000
0,000000	312,800000	3,350000	19,140000	0,000000	1315,000000
0,000000	309,740000	3,350000	19,140000	0,000000	1315,000000
0,000000	306,860000	3,350000	19,140000	0,000000	1315,000000
0,000000	305,460000	3,350000	19,140000	0,000000	1315,000000
0,000000	304,000000	3,350000	19,140000	0,000000	1315,000000
0,000000	301,780000	3,350000	19,140000	0,000000	1315,000000
0,000000	300,100000	3,350000	19,140000	0,000000	1315,000000
0,000000	297,300000	3,350000	19,140000	0,000000	1315,000000
0,000000	295,900000	3,350000	19,140000	0,000000	1315,000000
0,000000	294,920000	3,350000	19,140000	0,000000	1315,000000
0,000000	293,880000	3,350000	19,140000	0,000000	1315,000000
0,000000	292,560000	3,350000	19,140000	0,000000	1315,000000
0,000000	292,560000	3,350000	19,140000	0,000000	1315,000000
0,000000	290,700000	3,350000	19,140000	0,000000	1315,000000
0,000000	289,980000	3,350000	19,140000	0,000000	1315,000000
0,000000	289,120000	3,350000	19,140000	0,000000	1315,000000
0,000000	287,960000	3,350000	19,140000	0,000000	1315,000000
0,000000	287,460000	3,350000	19,140000	0,000000	1315,000000
0,000000	286,300000	3,350000	19,140000	0,000000	1315,000000
0,000000	286,220000	3,350000	19,140000	0,000000	1315,000000
0,000000	284,880000	3,350000	19,140000	0,000000	1315,000000
0,000000	284,360000	3,350000	19,140000	0,000000	1315,000000
0,000000	283,520000	3,350000	19,140000	0,000000	1315,000000
0,000000	282,740000	3,350000	19,140000	0,000000	1315,000000
0,000000	282,160000	3,350000	19,140000	0,000000	1315,000000
0,000000	281,600000	3,350000	19,140000	0,000000	1315,000000
0,000000	281,100000	3,350000	19,140000	0,000000	1315,000000
0,000000	281,080000	3,350000	19,140000	0,000000	1315,000000
0,000000	280,200000	3,350000	19,140000	0,000000	1315,000000
0,000000	280,340000	3,350000	19,140000	0,000000	1315,000000
0,000000	279,920000	3,350000	19,140000	0,000000	1315,000000
0,000000	279,600000	3,350000	19,140000	0,000000	1315,000000
0,000000	279,380000	3,350000	19,140000	0,000000	1315,000000
0,000000	279,060000	3,350000	19,140000	0,000000	1315,000000
0,000000	278,460000	3,350000	19,140000	0,000000	1315,000000
0,000000	278,300000	3,350000	19,140000	0,000000	1315,000000
0,000000	277,980000	3,350000	19,140000	0,000000	1315,000000
0,000000	277,520000	3,350000	19,140000	0,000000	1315,000000
0,000000	277,220000	3,350000	19,140000	0,000000	1315,000000
0,000000	276,860000	3,350000	19,140000	0,000000	1315,000000
0,000000	276,640000	3,350000	19,140000	0,000000	1315,000000
0,000000	276,660000	3,350000	19,140000	0,000000	1315,000000
0,000000	277,020000	3,350000	19,140000	0,000000	1315,000000
0,000000	276,780000	3,350000	19,140000	0,000000	1315,000000
0,000000	276,780000	3,350000	19,140000	0,000000	1315,000000
0,000000	276,440000	3,350000	19,140000	0,000000	1315,000000
0,000000	276,580000	3,350000	19,140000	0,000000	1315,000000
0,000000	276,440000	3,350000	19,140000	0,000000	1315,000000
0,000000	276,020000	3,350000	19,140000	0,000000	1315,000000
0,000000	275,720000	3,350000	19,140000	0,000000	1315,000000
0,000000	276,260000	3,350000	19,140000	0,000000	1312,000000
0,000000	275,720000	3,350000	19,140000	0,000000	1312,000000
0,000000	275,340000	3,350000	19,140000	0,000000	1312,000000
0,000000	274,540000	3,350000	19,140000	0,000000	1312,000000
0,000000	274,460000	3,350000	19,140000	0,000000	1312,000000
0,000000	274,060000	3,350000	19,140000	0,000000	1312,000000
0,000000	273,880000	3,350000	19,140000	0,000000	1312,000000
0,000000	273,580000	3,350000	19,140000	0,000000	1312,000000
0,000000	273,020000	3,350000	19,140000	0,000000	1312,000000
0,000000	273,000000	3,350000	19,140000	0,000000	1312,000000
0,000000	272,060000	3,350000	19,140000	0,000000	1312,000000
0,000000	272,240000	3,350000	19,140000	0,000000	1312,000000
0,000000	272,500000	3,350000	19,140000	0,000000	1312,000000
0,000000	272,160000	3,350000	19,140000	0,000000	1312,000000
0,000000	271,780000	3,350000	19,140000	0,000000	1312,000000
0,000000	271,260000	3,350000	19,140000	0,000000	1312,000000
0,000000	270,960000	3,350000	19,140000	0,000000	1312,000000
0,000000	271,160000	3,350000	19,140000	0,000000	1312,000000
0,000000	270,800000	3,350000	19,140000	0,000000	1312,000000
0,000000	271,120000	3,350000	19,140000	0,000000	1312,000000
0,000000	270,720000	3,350000	19,140000	0,000000	1312,000000
0,000000	270,360000	3,350000	19,140000	0,000000	1312,000000
0,000000	270,520000	3,350000	19,140000	0,000000	1312,000000
0,000000	270,520000	3,350000	19,140000	0,000000	1312,000000
0,000000	270,520000	3,350000	19,140000	0,000000	1312,000000
0,000000	270,180000	3,350000	19,140000	0,000000	1312,000000
0,000000	270,740000	3,350000	19,140000	0,000000	1312,000000
0,000000	270,140000	3,350000	19,140000	0,000000	1312,000000
0,000000	271,000000	3,350000	19,140000	0,000000	1312,000000
0,000000	270,820000	3,350000	19,140000	0,000000	1312,000000
0,000000	270,800000	3,350000	19,140000	0,000000	1312,000000
0,000000	270,980000	3,350000	19,140000	0,000000	1312,000000
0,000000	270,380000	3,350000	19,140000	0,000000	1312,000000
0,000000	269,620000	3,350000	19,140000	0,000000	1312,000000
0,000000	270,220000	3,350000	19,140000	0,000000	1312,000000
0,000000	270,860000	3,350000	19,140000	0,000000	1312,000000
0,000000	270,220000	3,350000	19,140000	0,000000	1312,000000
0,000000	270,040000	3,350000	19,140000	0,000000	1312,000000
0,000000	269,420000	3,350000	19,140000	0,000000	1312,000000
0,000000	269,580000	3,350000	19,140000	0,000000	1312,000000
0,000000	269,520000	3,350000	19,140000	0,000000	1312,000000
0,000000	269,760000	3,350000	19,140000	0,000000	1312,000000
0,000000	269,180000	3,350000	19,140000	0,000000	1312,000000
0,000000	268,460000	3,350000	19,140000	0,000000	1312,000000
0,000000	268,620000	3,350000	19,140000	0,000000	1312,000000
0,000000	268,820000	3,350000	19,140000	0,000000	1312,000000
0,000000	268,860000	3,350000	19,140000	0,000000	1312,000000
0,000000	269,060000	3,350000	19,140000	0,000000	1312,000000
0,000000	268,900000	3,350000	19,140000	0,000000	1312,000000
0,000000	269,160000	3,350000	19,140000	0,000000	1312,000000
0,000000	269,080000	3,350000	19,140000	0,000000	1312,000000
0,000000	269,300000	3,350000	19,140000	0,000000	1312,000000
0,000000	269,600000	3,350000	19,140000	0,000000	1312,000000
0,000000	269,480000	3,350000	19,140000	0,000000	1312,000000
0,000000	269,820000	3,350000	19,140000	0,000000	1312,000000
0,000000	269,820000	3,350000	19,140000	0,000000	1312,000000
0,000000	269,860000	3,350000	19,140000	0,000000	1312,000000
0,000000	269,940000	3,350000	19,140000	0,000000	1312,000000
0,000000	270,280000	3,350000	19,140000	0,000000	1312,000000
0,000000	270,180000	3,350000	19,140000	0,000000	1312,000000
0,000000	270,380000	3,350000	19,140000	0,000000	1311,000000
0,000000	270,660000	3,350000	19,140000	0,000000	1311,000000
0,000000	270,640000	3,350000	19,140000	0,000000	1311,000000
0,000000	271,480000	3,350000	19,140000	0,000000	1311,000000
0,000000	271,040000	3,350000	19,140000	0,000000	1311,000000
0,000000	271,000000	3,350000	19,140000	0,000000	1311,000000
0,000000	270,640000	3,350000	19,140000	0,000000	1311,000000
0,000000	270,840000	3,350000	19,140000	0,000000	1311,000000
0,000000	271,300000	3,350000	19,140000	0,000000	1311,000000
0,000000	270,580000	3,350000	19,140000	0,000000	1311,000000
0,000000	270,800000	3,350000	19,140000	0,000000	1311,000000
0,000000	270,960000	3,350000	19,140000	0,000000	1311,000000
0,000000	270,940000	3,350000	19,140000	0,000000	1311,000000
0,000000	270,820000	3,350000	19,140000	0,000000	1311,000000
0,000000	270,820000	3,350000	19,140000	0,000000	1311,000000
0,000000	271,040000	3,350000	19,140000	0,000000	1311,000000
0,000000	271,200000	3,350000	19,140000	0,000000	1311,000000
0,000000	270,680000	3,350000	19,140000	0,000000	1311,000000
0,000000	270,460000	3,350000	19,140000	0,000000	1311,000000
0,000000	271,360000	3,350000	19,140000	0,000000	1311,000000
0,000000	271,400000	3,350000	19,140000	0,000000	1311,000000
0,000000	271,800000	3,350000	19,140000	0,000000	1311,000000
0,000000	271,500000	3,350000	19,140000	0,000000	1311,000000
0,000000	271,400000	3,350000	19,140000	0,000000	1311,000000
0,000000	271,820000	3,350000	19,140000	0,000000	1311,000000
0,000000	271,700000	3,350000	19,140000	0,000000	1311,000000
0,000000	271,560000	3,350000	19,140000	0,000000	1311,000000
0,000000	271,560000	3,350000	19,140000	0,000000	1311,000000
0,000000	271,700000	3,350000	19,140000	0,000000	1311,000000
0,000000	271,860000	3,350000	19,140000	0,000000	1311,000000
0,000000	271,500000	3,350000	19,140000	0,000000	1311,000000
0,000000	271,660000	3,350000	19,140000	0,000000	1311,000000
0,000000	271,920000	3,350000	19,140000	0,000000	1311,000000
0,000000	272,180000	3,350000	19,140000	0,000000	1311,000000
0,000000	272,120000	3,350000	19,140000	0,000000	1311,000000
0,000000	272,080000	3,350000	19,140000	0,000000	1311,000000
0,000000	271,900000	3,350000	19,140000	0,000000	1311,000000
0,000000	271,900000	3,350000	19,140000	0,000000	1311,000000
0,000000	271,820000	3,350000	19,140000	0,000000	1311,000000
0,000000	271,800000	3,350000	19,140000	0,000000	1311,000000
0,000000	271,760000	3,350000	19,140000	0,000000	1311,000000
0,000000	271,880000	3,350000	19,140000	0,000000	1311,000000
0,000000	271,420000	3,350000	19,140000	0,000000	1311,000000
0,000000	271,620000	3,350000	19,140000	0,000000	1311,000000
0,000000	271,260000	3,350000	19,140000	0,000000	1311,000000
0,000000	271,220000	3,350000	19,140000	0,000000	1311,000000
0,000000	271,680000	3,350000	19,140000	0,000000	1311,000000
0,000000	271,620000	3,350000	19,140000	0,000000	1311,000000
0,000000	271,380000	3,350000	19,140000	0,000000	1311,000000
0,000000	271,680000	3,350000	19,140000	0,000000	1311,000000
0,000000	272,100000	3,350000	19,140000	0,000000	1311,000000
0,000000	271,800000	3,350000	19,140000	0,000000	1311,000000
0,000000	272,040000	3,350000	19,140000	0,000000	1311,000000
0,000000	271,920000	3,350000	19,140000	0,000000	1311,000000
0,000000	271,480000	3,350000	19,140000	0,000000	1311,000000
0,000000	271,820000	3,350000	19,140000	0,000000	1311,000000
0,000000	271,500000	3,350000	19,140000	0,000000	1311,000000
0,000000	271,540000	3,350000	19,140000	0,000000	1311,000000
0,000000	271,540000	3,350000	19,140000	0,000000	1311,000000
0,000000	271,840000	3,350000	19,140000	0,000000	1311,000000
0,000000	271,140000	3,350000	19,140000	0,000000	1311,000000
0,000000	271,180000	3,350000	19,140000	0,000000	1371,000000
0,000000	271,080000	3,350000	19,140000	0,000000	1371,000000
0,000000	272,760000	3,350000	19,140000	0,000000	1371,000000
0,000000	276,600000	3,350000	19,140000	0,000000	1371,000000
0,000000	277,900000	3,350000	19,140000	0,000000	1371,000000
0,000000	280,800000	3,350000	19,140000	0,000000	1371,000000
0,000000	285,000000	3,350000	19,140000	0,000000	1371,000000
0,000000	287,880000	3,350000	19,140000	0,000000	1371,000000
0,000000	292,440000	3,350000	19,140000	0,000000	1371,000000
0,000000	294,220000	3,350000	19,140000	0,000000	1371,000000
0,000000	298,420000	3,350000	19,140000	0,000000	1371,000000
0,000000	300,900000	3,350000	19,140000	0,000000	1371,000000
0,000000	304,380000	3,350000	19,140000	0,000000	1371,000000
0,000000	306,840000	3,350000	19,140000	0,000000	1371,000000
0,000000	309,460000	3,350000	19,140000	0,000000	1371,000000
0,000000	312,120000	3,350000	19,140000	0,000000	1371,000000
0,000000	314,520000	3,350000	19,140000	0,000000	1371,000000
0,000000	316,560000	3,350000	19,140000	0,000000	1371,000000
0,000000	318,760000	3,350000	19,140000	0,000000	1371,000000
0,000000	320,280000	3,350000	19,140000	0,000000	1371,000000
0,000000	323,020000	3,350000	19,140000	0,000000	1371,000000
0,000000	323,960000	3,350000	19,140000	0,000000	1371,000000
0,000000	326,060000	3,350000	19,140000	0,000000	1371,000000
0,000000	326,940000	3,350000	19,140000	0,000000	1371,000000
0,000000	329,080000	3,350000	19,140000	0,000000	1371,000000
0,000000	330,000000	3,350000	19,140000	0,000000	1371,000000
0,000000	331,440000	3,350000	19,140000	0,000000	1371,000000
0,000000	332,040000	3,350000	19,140000	0,000000	1371,000000
0,000000	333,560000	3,350000	19,140000	0,000000	1371,000000
0,000000	333,560000	3,350000	19,140000	0,000000	1371,000000
0,000000	334,660000	3,350000	19,140000	0,000000	1371,000000
0,000000	336,060000	3,350000	19,140000	0,000000	1371,000000
0,000000	336,100000	3,350000	19,140000	0,000000	1371,000000
0,000000	337,340000	3,350000	19,140000	0,000000	1371,000000
0,000000	338,040000	3,350000	19,140000	0,000000	1371,000000
0,000000	338,820000	3,350000	19,140000	0,000000	1371,000000
0,000000	339,180000	3,350000	19,140000	0,000000	1371,000000
0,000000	339,960000	3,350000	19,140000	0,000000	1371,000000
0,000000	340,020000	3,350000	19,140000	0,000000	1371,000000
0,000000	340,980000	3,350000	19,140000	0,000000	1371,000000
0,000000	341,020000	3,350000	19,140000	0,000000	1371,000000
0,000000	341,360000	3,350000	19,140000	0,000000	1371,000000
0,000000	341,820000	3,350000	19,140000	0,000000	1371,000000
0,000000	342,360000	3,350000	19,140000	0,000000	1371,000000
0,000000	342,320000	3,350000	19,140000	0,000000	1371,000000
0,000000	343,000000	3,350000	19,140000	0,000000	1371,000000
0,000000	343,240000	3,350000	19,140000	0,000000	1371,000000
0,000000	343,020000	3,350000	19,140000	0,000000	1371,000000
0,000000	343,540000	3,350000	19,140000	0,000000	1371,000000
0,000000	342,940000	3,350000	19,140000	0,000000	1371,000000
0,000000	343,260000	3,350000	19,140000	0,000000	1371,000000
0,000000	343,780000	3,350000	19,140000	0,000000	1371,000000
0,000000	343,820000	3,350000	19,140000	0,000000	1371,000000
0,000000	343,720000	3,350000	19,140000	0,000000	1371,000000
0,000000	344,320000	3,350000	19,140000	0,000000	1371,000000
0,000000	343,640000	3,350000	19,140000	0,000000	1371,000000
0,000000	344,360000	3,350000	19,140000	0,000000	1371,000000
0,000000	344,020000	3,350000	19,140000	0,000000	1371,000000
0,000000	343,900000	3,350000	19,140000	0,000000	1371,000000
0,000000	343,900000	3,350000	19,140000	0,000000	1371,000000
0,000000	343,800000	3,350000	19,140000	0,000000	1371,000000
0,000000	344,060000	3,350000	19,140000	0,000000	1313,000000
0,000000	344,000000	3,350000	19,140000	0,000000	1313,000000
0,000000	341,700000	3,350000	19,140000	0,000000	1313,000000
0,000000	339,500000	3,350000	19,140000	0,000000	1313,000000
0,000000	335,120000	3,350000	19,140000	0,000000	1313,000000
0,000000	333,120000	3,350000	19,140000	0,000000	1313,000000
0,000000	330,500000	3,350000	19,140000	0,000000	1313,000000
0,000000	325,200000	3,350000	19,140000	0,000000	1313,000000
0,000000	322,720000	3,350000	19,140000	0,000000	1313,000000
0,000000	319,500000	3,350000	19,140000	0,000000	1313,000000
0,000000	316,620000	3,350000	19,140000	0,000000	1313,000000
0,000000	311,920000	3,350000	19,140000	0,000000	1313,000000
0,000000	310,020000	3,350000	19,140000	0,000000	1313,000000
0,000000	307,700000	3,350000	19,140000	0,000000	1313,000000
0,000000	305,700000	3,350000	19,140000	0,000000	1313,000000
0,000000	302,580000	3,350000	19,140000	0,000000	1313,000000
0,000000	300,460000	3,350000	19,140000	0,000000	1313,000000
0,000000	298,780000	3,350000	19,140000	0,000000	1313,000000
0,000000	296,920000	3,350000	19,140000	0,000000	1313,000000
0,000000	294,920000	3,350000	19,140000	0,000000	1313,000000
0,000000	291,680000	3,350000	19,140000	0,000000	1313,000000
0,000000	291,420000	3,350000	19,140000	0,000000	1313,000000
0,000000	290,700000	3,350000	19,140000	0,000000	1313,000000
0,000000	289,760000	3,350000	19,140000	0,000000	1313,000000
0,000000	288,980000	3,350000	19,140000	0,000000	1313,000000
0,000000	287,180000	3,350000	19,140000	0,000000	1313,000000
0,000000	286,720000	3,350000	19,140000	0,000000	1313,000000
0,000000	286,460000	3,350000	19,140000	0,000000	1313,000000
0,000000	286,160000	3,350000	19,140000	0,000000	1313,000000
0,000000	284,780000	3,350000	19,140000	0,000000	1313,000000
0,000000	284,780000	3,350000	19,140000	0,000000	1313,000000
0,000000	284,360000	3,350000	19,140000	0,000000	1313,000000
0,000000	284,780000	3,350000	19,140000	0,000000	1313,000000
0,000000	284,080000	3,350000	19,140000	0,000000	1313,000000
0,000000	284,000000	3,350000	19,140000	0,000000	1313,000000
0,000000	283,100000	3,350000	19,140000	0,000000	1313,000000
0,000000	283,160000	3,350000	19,140000	0,000000	1313,000000
0,000000	283,000000	3,350000	19,140000	0,000000	1313,000000
0,000000	283,020000	3,350000	19,140000	0,000000	1313,000000
0,000000	281,720000	3,350000	19,140000	0,000000	1313,000000
0,000000	281,900000	3,350000	19,140000	0,000000	1313,000000
0,000000	282,240000	3,350000	19,140000	0,000000	1313,000000
0,000000	281,960000	3,350000	19,140000	0,000000	1313,000000
0,000000	281,920000	3,350000	19,140000	0,000000	1313,000000
0,000000	281,200000	3,350000	19,140000	0,000000	1313,000000
0,000000	280,920000	3,350000	19,140000	0,000000	1313,000000
0,000000	281,080000	3,350000	19,140000	0,000000	1313,000000
0,000000	281,060000	3,350000	19,140000	0,000000	1313,000000
0,000000	280,700000	3,350000	19,140000	0,000000	1313,000000
0,000000	280,840000	3,350000	19,140000	0,000000	1313,000000
0,000000	280,640000	3,350000	19,140000	0,000000	1313,000000
0,000000	280,820000	3,350000	19,140000	0,000000	1313,000000
0,000000	281,100000	3,350000	19,140000	0,000000	1313,000000
0,000000	280,400000	3,350000	19,140000	0,000000	1313,000000
0,000000	280,560000	3,350000	19,140000	0,000000	1313,000000
0,000000	280,980000	3,350000	19,140000	0,000000	1313,000000
0,000000	280,600000	3,350000	19,140000	0,000000	1313,000000
0,000000	280,540000	3,350000	19,140000	0,000000	1313,000000
0,000000	280,400000	3,350000	19,140000	0,000000	1313,000000
0,000000	280,440000	3,350000	19,140000	0,000000	1305,000000
0,000000	280,080000	3,350000	19,140000	0,000000	1305,000000
0,000000	280,080000	3,350000	19,140000	0,000000	1305,000000
0,000000	279,980000	3,350000	19,140000	0,000000	1305,000000
0,000000	279,140000	3,350000	19,140000	0,000000	1305,000000
0,000000	279,080000	3,350000	19,140000	0,000000	1305,000000
0,000000	278,920000	3,350000	19,140000	0,000000	1305,000000
0,000000	278,100000	3,350000	19,140000	0,000000	1305,000000
0,000000	277,900000	3,350000	19,140000	0,000000	1305,000000
0,000000	276,900000	3,350000	19,140000	0,000000	1305,000000
0,000000	276,680000	3,350000	19,140000	0,000000	1305,000000
0,000000	276,320000	3,350000	19,140000	0,000000	1305,000000
0,000000	276,060000	3,350000	19,140000	0,000000	1305,000000
0,000000	275,440000	3,350000	19,140000	0,000000	1305,000000
0,000000	274,300000	3,350000	19,140000	0,000000	1305,000000
0,000000	273,800000	3,350000	19,140000	0,000000	1305,000000
0,000000	273,700000	3,350000	19,140000	0,000000	1305,000000
0,000000	273,100000	3,350000	19,140000	0,000000	1305,000000
0,000000	273,100000	3,350000	19,140000	0,000000	1305,000000
0,000000	272,620000	3,350000	19,140000	0,000000	1305,000000
0,000000	272,460000	3,350000	19,140000	0,000000	1305,000000
0,000000	272,140000	3,350000	19,140000	0,000000	1305,000000
0,000000	272,200000	3,350000	19,140000	0,000000	1305,000000
0,000000	271,720000	3,350000	19,140000	0,000000	1305,000000
0,000000	271,600000	3,350000	19,140000	0,000000	1305,000000
0,000000	271,160000	3,350000	19,140000	0,000000	1305,000000
0,000000	270,960000	3,350000	19,140000	0,000000	1305,000000
0,000000	270,840000	3,350000	19,140000	0,000000	1305,000000
0,000000	270,740000	3,350000	19,140000	0,000000	1305,000000
0,000000	270,740000	3,350000	19,140000	0,000000	1305,000000
0,000000	270,160000	3,350000	19,140000	0,000000	1305,000000
0,000000	269,900000	3,350000	19,140000	0,000000	1305,000000
0,000000	270,200000	3,350000	19,140000	0,000000	1305,000000
0,000000	270,200000	3,350000	19,140000	0,000000	1305,000000
0,000000	270,200000	3,350000	19,140000	0,000000	1305,000000
0,000000	269,960000	3,350000	19,140000	0,000000	1305,000000
0,000000	270,060000	3,350000	19,140000	0,000000	1305,000000
0,000000	269,680000	3,350000	19,140000	0,000000	1305,000000
0,000000	269,740000	3,350000	19,140000	0,000000	1305,000000
0,000000	269,600000	3,350000	19,140000	0,000000	1305,000000
0,000000	269,700000	3,350000	19,140000	0,000000	1305,000000
0,000000	269,660000	3,350000	19,140000	0,000000	1305,000000
0,000000	269,720000	3,350000	19,140000	0,000000	1305,000000
0,000000	269,320000	3,350000	19,140000	0,000000	1305,000000
0,000000	269,000000	3,350000	19,140000	0,000000	1305,000000
0,000000	269,260000	3,350000	19,140000	0,000000	1305,000000
0,000000	269,040000	3,350000	19,140000	0,000000	1305,000000
0,000000	269,160000	3,350000	19,140000	0,000000	1305,000000
0,000000	268,940000	3,350000	19,140000	0,000000	1305,000000
0,000000	268,720000	3,350000	19,140000	0,000000	1305,000000
0,000000	268,920000	3,350000	19,140000	0,000000	1305,000000
0,000000	268,580000	3,350000	19,140000	0,000000	1305,000000
0,000000	268,880000	3,350000	19,140000	0,000000	1305,000000
0,000000	268,860000	3,350000	19,140000	0,000000	1305,000000
0,000000	268,880000	3,350000	19,140000	0,000000	1305,000000
0,000000	268,580000	3,350000	19,140000	0,000000	1305,000000
0,000000	268,240000	3,350000	19,140000	0,000000	1305,000000
0,000000	268,080000	3,350000	19,140000	0,000000	1305,000000
0,000000	268,300000	3,350000	19,140000	0,000000	1305,000000
0,000000	268,340000	3,350000	19,140000	0,000000	1305,000000
0,000000	268,220000	3,350000	19,140000	0,000000	1318,000000
0,000000	268,060000	3,350000	19,140000	0,000000	1318,000000
0,000000	268,740000	3,350000	19,140000	0,000000	1318,000000
0,000000	269,440000	3,350000	19,140000	0,000000	1318,000000
0,000000	269,680000	3,350000	19,140000	0,000000	1318,000000
0,000000	270,580000	3,350000	19,140000	0,000000	1318,000000
0,000000	270,740000	3,350000	19,140000	0,000000	1318,000000
0,000000	270,740000	3,350000	19,140000	0,000000	1318,000000
0,000000	272,240000	3,350000	19,140000	0,000000	1318,000000
0,000000	272,680000	3,350000	19,140000	0,000000	1318,000000
0,000000	273,500000	3,350000	19,140000	0,000000	1318,000000
0,000000	273,780000	3,350000	19,140000	0,000000	1318,000000
0,000000	273,740000	3,350000	19,140000	0,000000	1318,000000
0,000000	274,400000	3,350000	19,140000	0,000000	1318,000000
0,000000	275,260000	3,350000	19,140000	0,000000	1318,000000
0,000000	276,340000	3,350000	19,140000	0,000000	1318,000000
0,000000	276,480000	3,350000	19,140000	0,000000	1318,000000
0,000000	276,680000	3,350000	19,140000	0,000000	1318,000000
0,000000	276,520000	3,350000	19,140000	0,000000	1318,000000
0,000000	277,400000	3,350000	19,140000	0,000000	1318,000000
0,000000	277,920000	3,350000	19,140000	0,000000	1318,000000
0,000000	278,020000	3,350000	19,140000	0,000000	1318,000000
0,000000	278,380000	3,350000	19,140000	0,000000	1318,000000
0,000000	278,780000	3,350000	19,140000	0,000000	1318,000000
0,000000	279,020000	3,350000	19,140000	0,000000	1318,000000
0,000000	278,580000	3,350000	19,140000	0,000000	1318,000000
0,000000	279,100000	3,350000	19,140000	0,000000	1318,000000
0,000000	279,920000	3,350000	19,140000	0,000000	1318,000000
0,000000	279,980000	3,350000	19,140000	0,000000	1318,000000
0,000000	280,280000	3,350000	19,140000	0,000000	1318,000000
0,000000	280,320000	3,350000	19,140000	0,000000	1318,000000
0,000000	280,760000	3,350000	19,140000	0,000000	1318,000000
0,000000	280,980000	3,350000	19,140000	0,000000	1318,000000
0,000000	281,080000	3,350000	19,140000	0,000000	1318,000000
0,000000	281,260000	3,350000	19,140000	0,000000	1318,000000
0,000000	281,460000	3,350000	19,140000	0,000000	1318,000000
0,000000	281,480000	3,350000	19,140000	0,000000	1318,000000
0,000000	281,480000	3,350000	19,140000	0,000000	1318,000000
0,000000	281,500000	3,350000	19,140000	0,000000	1318,000000

0,000000	283,480000	3,350000	19,140000	0,000000	1310,000000
