SP	FB	KP	KI	KD	PWM
0,000000	0,000000	0,000000	0,000000	0,000000	1310,000000
0,000000	260,920000	3,370000	19,140000	0,000000	1069,740000
0,000000	248,620000	3,360000	19,250000	0,000000	1163,820000
0,000000	232,860000	3,360000	19,250000	0,000000	1279,530000
0,000000	260,920000	3,370000	19,140000	0,000000	1069,740000
0,000000	248,620000	3,360000	19,250000	0,000000	1163,820000
0,000000	232,860000	3,360000	19,250000	0,000000	1279,530000
0,000000	232,860000	3,360000	19,250000	0,000000	1279,530000
0,000000	232,860000	3,360000	19,250000	0,000000	1279,530000
0,000000	232,860000	3,360000	19,250000	0,000000	1279,530000
0,000000	232,860000	3,360000	19,250000	0,000000	1279,530000
0,000000	232,860000	3,360000	19,250000	0,000000	1279,530000
0,000000	232,860000	3,360000	19,250000	0,000000	1279,530000
0,000000	232,860000	3,360000	19,250000	0,000000	1279,530000
0,000000	199,320000	3,350000	19,140000	0,000000	1188,000000
0,000000	199,320000	3,350000	19,140000	0,000000	1188,000000
0,000000	201,660000	3,360000	19,250000	0,000000	1283,150000
0,000000	202,020000	3,360000	19,250000	0,000000	900,000000
0,000000	200,000000	3,360000	19,250000	0,000000	900,000000
0,000000	194,800000	3,360000	19,250000	0,000000	900,000000
0,000000	178,980000	3,360000	19,250000	0,000000	900,000000
0,000000	164,260000	3,360000	19,250000	0,000000	900,000000
0,000000	149,280000	3,360000	19,250000	0,000000	900,000000
0,000000	137,180000	3,360000	19,250000	0,000000	900,000000
0,000000	126,520000	3,360000	19,250000	0,000000	900,000000
0,000000	117,240000	3,360000	19,250000	0,000000	900,000000
0,000000	109,280000	3,360000	19,250000	0,000000	900,000000
0,000000	102,360000	3,360000	19,250000	0,000000	900,000000
0,000000	96,240000	3,360000	19,250000	0,000000	900,000000
0,000000	91,060000	3,360000	19,250000	0,000000	900,000000
0,000000	86,360000	3,360000	19,250000	0,000000	900,000000
0,000000	82,040000	3,360000	19,250000	0,000000	900,000000
0,000000	78,400000	3,360000	19,250000	0,000000	900,000000
0,000000	74,860000	3,360000	19,250000	0,000000	900,000000
0,000000	71,240000	3,360000	19,250000	0,000000	900,000000
0,000000	68,000000	3,360000	19,250000	0,000000	900,000000
0,000000	65,000000	3,360000	19,250000	0,000000	900,000000
0,000000	62,160000	3,360000	19,250000	0,000000	900,000000
0,000000	59,700000	3,360000	19,250000	0,000000	900,000000
0,000000	57,000000	3,360000	19,250000	0,000000	900,000000
0,000000	54,720000	3,360000	19,250000	0,000000	900,000000
0,000000	52,140000	3,360000	19,250000	0,000000	900,000000
0,000000	50,000000	3,360000	19,250000	0,000000	900,000000
0,000000	47,980000	3,360000	19,250000	0,000000	900,000000
0,000000	46,020000	3,360000	19,250000	0,000000	900,000000
0,000000	44,200000	3,360000	19,250000	0,000000	900,000000
0,000000	42,460000	3,360000	19,250000	0,000000	900,000000
0,000000	40,940000	3,360000	19,250000	0,000000	900,000000
0,000000	39,200000	3,360000	19,250000	0,000000	900,000000
0,000000	37,900000	3,360000	19,250000	0,000000	900,000000
0,000000	36,300000	3,360000	19,250000	0,000000	900,000000
0,000000	35,040000	3,360000	19,250000	0,000000	900,000000
0,000000	33,960000	3,360000	19,250000	0,000000	900,000000
0,000000	32,820000	3,360000	19,250000	0,000000	900,000000
0,000000	31,780000	3,360000	19,250000	0,000000	900,000000
0,000000	30,680000	3,360000	19,250000	0,000000	1384,000000
0,000000	29,800000	3,360000	19,250000	0,000000	1384,000000
0,000000	28,260000	3,360000	19,250000	0,000000	1384,000000
0,000000	28,160000	3,360000	19,250000	0,000000	1384,000000
0,000000	33,680000	3,360000	19,250000	0,000000	1384,000000
0,000000	49,720000	3,360000	19,250000	0,000000	1384,000000
0,000000	62,060000	3,360000	19,250000	0,000000	1384,000000
0,000000	87,140000	3,360000	19,250000	0,000000	1384,000000
0,000000	112,000000	3,360000	19,250000	0,000000	1384,000000
0,000000	141,900000	3,360000	19,250000	0,000000	1384,000000
0,000000	160,720000	3,360000	19,250000	0,000000	1384,000000
0,000000	188,840000	3,360000	19,250000	0,000000	1308,000000
0,000000	205,480000	3,360000	19,250000	0,000000	1308,000000
0,000000	215,680000	3,360000	19,250000	0,000000	1308,000000
0,000000	227,880000	3,360000	19,250000	0,000000	1308,000000
0,000000	233,040000	3,360000	19,250000	0,000000	1308,000000
0,000000	239,980000	3,360000	19,250000	0,000000	1308,000000
0,000000	244,220000	3,360000	19,250000	0,000000	1308,000000
0,000000	248,340000	3,360000	19,250000	0,000000	1308,000000
0,000000	250,920000	3,360000	19,250000	0,000000	1308,000000
0,000000	253,960000	3,360000	19,250000	0,000000	1308,000000
0,000000	255,020000	3,360000	19,250000	0,000000	1308,000000
0,000000	257,020000	3,360000	19,250000	0,000000	1308,000000
0,000000	258,200000	3,360000	19,250000	0,000000	1308,000000
0,000000	259,060000	3,360000	19,250000	0,000000	1308,000000
0,000000	260,600000	3,360000	19,250000	0,000000	1308,000000
0,000000	260,900000	3,360000	19,250000	0,000000	1308,000000
0,000000	262,440000	3,360000	19,250000	0,000000	1308,000000
0,000000	262,880000	3,360000	19,250000	0,000000	1308,000000
0,000000	263,680000	3,360000	19,250000	0,000000	1308,000000
0,000000	263,680000	3,360000	19,250000	0,000000	1308,000000
0,000000	264,020000	3,360000	19,250000	0,000000	1308,000000
0,000000	264,200000	3,360000	19,250000	0,000000	1308,000000
0,000000	265,000000	3,360000	19,250000	0,000000	1308,000000
0,000000	265,360000	3,360000	19,250000	0,000000	1308,000000
0,000000	266,020000	3,360000	19,250000	0,000000	1308,000000
0,000000	265,880000	3,360000	19,250000	0,000000	1308,000000
0,000000	266,300000	3,360000	19,250000	0,000000	1308,000000
0,000000	266,580000	3,360000	19,250000	0,000000	1308,000000
0,000000	267,520000	3,360000	19,250000	0,000000	1308,000000
0,000000	267,200000	3,360000	19,250000	0,000000	1308,000000
0,000000	266,900000	3,360000	19,250000	0,000000	1308,000000
0,000000	267,140000	3,360000	19,250000	0,000000	1308,000000
0,000000	266,720000	3,360000	19,250000	0,000000	1308,000000
0,000000	267,060000	3,360000	19,250000	0,000000	1308,000000
0,000000	266,960000	3,360000	19,250000	0,000000	1308,000000
0,000000	267,260000	3,360000	19,250000	0,000000	1308,000000
0,000000	267,460000	3,360000	19,250000	0,000000	1308,000000
0,000000	267,620000	3,360000	19,250000	0,000000	1308,000000
0,000000	266,980000	3,360000	19,250000	0,000000	1308,000000
0,000000	267,620000	3,360000	19,250000	0,000000	1308,000000
0,000000	267,760000	3,360000	19,250000	0,000000	1308,000000
0,000000	268,260000	3,360000	19,250000	0,000000	1308,000000
0,000000	268,240000	3,360000	19,250000	0,000000	1308,000000
0,000000	268,880000	3,360000	19,250000	0,000000	1308,000000
0,000000	268,960000	3,360000	19,250000	0,000000	1308,000000
0,000000	269,080000	3,360000	19,250000	0,000000	1308,000000
0,000000	268,560000	3,360000	19,250000	0,000000	1308,000000
0,000000	269,000000	3,360000	19,250000	0,000000	1308,000000
0,000000	269,100000	3,360000	19,250000	0,000000	1308,000000
0,000000	268,740000	3,360000	19,250000	0,000000	1308,000000
0,000000	268,740000	3,360000	19,250000	0,000000	1308,000000
0,000000	269,940000	3,360000	19,250000	0,000000	1308,000000
0,000000	270,120000	3,360000	19,250000	0,000000	1308,000000
0,000000	269,920000	3,360000	19,250000	0,000000	1308,000000
0,000000	269,820000	3,360000	19,250000	0,000000	1308,000000
0,000000	269,900000	3,360000	19,250000	0,000000	1308,000000
0,000000	269,940000	3,360000	19,250000	0,000000	1308,000000
0,000000	270,140000	3,360000	19,250000	0,000000	1308,000000
0,000000	269,960000	3,360000	19,250000	0,000000	1308,000000
0,000000	269,680000	3,360000	19,250000	0,000000	1308,000000
0,000000	269,760000	3,360000	19,250000	0,000000	1308,000000
0,000000	269,220000	3,360000	19,250000	0,000000	1308,000000
0,000000	269,840000	3,360000	19,250000	0,000000	1308,000000
0,000000	270,080000	3,360000	19,250000	0,000000	1365,000000
0,000000	270,580000	3,360000	19,250000	0,000000	1365,000000
0,000000	272,580000	3,360000	19,250000	0,000000	1365,000000
0,000000	275,360000	3,360000	19,250000	0,000000	1365,000000
0,000000	278,260000	3,360000	19,250000	0,000000	1365,000000
0,000000	282,740000	3,360000	19,250000	0,000000	1365,000000
0,000000	286,480000	3,360000	19,250000	0,000000	1365,000000
0,000000	289,620000	3,360000	19,250000	0,000000	1365,000000
0,000000	292,560000	3,360000	19,250000	0,000000	1365,000000
0,000000	296,380000	3,360000	19,250000	0,000000	1365,000000
0,000000	300,020000	3,360000	19,250000	0,000000	1365,000000
0,000000	303,000000	3,360000	19,250000	0,000000	1365,000000
0,000000	306,120000	3,360000	19,250000	0,000000	1365,000000
0,000000	309,000000	3,360000	19,250000	0,000000	1365,000000
0,000000	312,420000	3,360000	19,250000	0,000000	1365,000000
0,000000	314,860000	3,360000	19,250000	0,000000	1365,000000
0,000000	317,160000	3,360000	19,250000	0,000000	1365,000000
0,000000	318,840000	3,360000	19,250000	0,000000	1365,000000
0,000000	320,820000	3,360000	19,250000	0,000000	1365,000000
0,000000	320,820000	3,360000	19,250000	0,000000	1365,000000
0,000000	322,260000	3,360000	19,250000	0,000000	1365,000000
0,000000	323,520000	3,360000	19,250000	0,000000	1365,000000
0,000000	324,640000	3,360000	19,250000	0,000000	1365,000000
0,000000	326,220000	3,360000	19,250000	0,000000	1365,000000
0,000000	327,120000	3,360000	19,250000	0,000000	1365,000000
0,000000	328,640000	3,360000	19,250000	0,000000	1365,000000
0,000000	329,020000	3,360000	19,250000	0,000000	1365,000000
0,000000	330,120000	3,360000	19,250000	0,000000	1365,000000
0,000000	330,460000	3,360000	19,250000	0,000000	1365,000000
0,000000	330,960000	3,360000	19,250000	0,000000	1365,000000
0,000000	331,500000	3,360000	19,250000	0,000000	1365,000000
0,000000	331,580000	3,360000	19,250000	0,000000	1365,000000
0,000000	331,440000	3,360000	19,250000	0,000000	1365,000000
0,000000	332,940000	3,360000	19,250000	0,000000	1365,000000
0,000000	333,240000	3,360000	19,250000	0,000000	1365,000000
0,000000	333,580000	3,360000	19,250000	0,000000	1365,000000
0,000000	333,860000	3,360000	19,250000	0,000000	1365,000000
0,000000	334,060000	3,360000	19,250000	0,000000	1365,000000
0,000000	334,060000	3,360000	19,250000	0,000000	1365,000000
0,000000	334,280000	3,360000	19,250000	0,000000	1365,000000
0,000000	333,820000	3,360000	19,250000	0,000000	1365,000000
0,000000	334,720000	3,360000	19,250000	0,000000	1365,000000
0,000000	334,820000	3,360000	19,250000	0,000000	1365,000000
0,000000	334,680000	3,360000	19,250000	0,000000	1365,000000
0,000000	334,900000	3,360000	19,250000	0,000000	1365,000000
0,000000	335,240000	3,360000	19,250000	0,000000	1365,000000
0,000000	335,140000	3,360000	19,250000	0,000000	1365,000000
0,000000	335,020000	3,360000	19,250000	0,000000	1365,000000
0,000000	335,420000	3,360000	19,250000	0,000000	1365,000000
0,000000	335,420000	3,360000	19,250000	0,000000	1365,000000
0,000000	335,380000	3,360000	19,250000	0,000000	1365,000000
0,000000	335,920000	3,360000	19,250000	0,000000	1365,000000
0,000000	336,240000	3,360000	19,250000	0,000000	1365,000000
0,000000	336,580000	3,360000	19,250000	0,000000	1365,000000
0,000000	336,460000	3,360000	19,250000	0,000000	1365,000000
0,000000	336,700000	3,360000	19,250000	0,000000	1365,000000
0,000000	336,240000	3,360000	19,250000	0,000000	1365,000000
0,000000	336,760000	3,360000	19,250000	0,000000	1365,000000
0,000000	336,660000	3,360000	19,250000	0,000000	1365,000000
0,000000	336,180000	3,360000	19,250000	0,000000	1365,000000
0,000000	336,080000	3,360000	19,250000	0,000000	1365,000000
0,000000	335,740000	3,360000	19,250000	0,000000	1365,000000
0,000000	335,820000	3,360000	19,250000	0,000000	1372,000000
0,000000	335,660000	3,360000	19,250000	0,000000	1372,000000
0,000000	336,040000	3,360000	19,250000	0,000000	1372,000000
0,000000	336,440000	3,360000	19,250000	0,000000	1372,000000
0,000000	337,300000	3,360000	19,250000	0,000000	1372,000000
0,000000	337,840000	3,360000	19,250000	0,000000	1372,000000
0,000000	338,500000	3,360000	19,250000	0,000000	1372,000000
0,000000	338,880000	3,360000	19,250000	0,000000	1372,000000
0,000000	338,440000	3,360000	19,250000	0,000000	1372,000000
0,000000	339,000000	3,360000	19,250000	0,000000	1372,000000
0,000000	339,200000	3,360000	19,250000	0,000000	1372,000000
0,000000	339,280000	3,360000	19,250000	0,000000	1372,000000
0,000000	339,880000	3,360000	19,250000	0,000000	1372,000000
0,000000	339,980000	3,360000	19,250000	0,000000	1372,000000
0,000000	340,260000	3,360000	19,250000	0,000000	1372,000000
0,000000	341,020000	3,360000	19,250000	0,000000	1372,000000
0,000000	341,060000	3,360000	19,250000	0,000000	1372,000000
0,000000	341,060000	3,360000	19,250000	0,000000	1372,000000
0,000000	341,180000	3,360000	19,250000	0,000000	1372,000000
0,000000	341,860000	3,360000	19,250000	0,000000	1372,000000
0,000000	342,500000	3,360000	19,250000	0,000000	1372,000000
0,000000	342,720000	3,360000	19,250000	0,000000	1372,000000
0,000000	342,980000	3,360000	19,250000	0,000000	1372,000000
0,000000	343,120000	3,360000	19,250000	0,000000	1372,000000
0,000000	343,140000	3,360000	19,250000	0,000000	1372,000000
0,000000	343,740000	3,360000	19,250000	0,000000	1372,000000
0,000000	344,340000	3,360000	19,250000	0,000000	1372,000000
0,000000	343,880000	3,360000	19,250000	0,000000	1372,000000
0,000000	344,780000	3,360000	19,250000	0,000000	1372,000000
0,000000	343,920000	3,360000	19,250000	0,000000	1372,000000
0,000000	344,680000	3,360000	19,250000	0,000000	1372,000000
0,000000	344,860000	3,360000	19,250000	0,000000	1372,000000
0,000000	345,260000	3,360000	19,250000	0,000000	1372,000000
0,000000	345,280000	3,360000	19,250000	0,000000	1372,000000
0,000000	345,960000	3,360000	19,250000	0,000000	1372,000000
0,000000	346,320000	3,360000	19,250000	0,000000	1372,000000
0,000000	346,260000	3,360000	19,250000	0,000000	1372,000000
0,000000	346,360000	3,360000	19,250000	0,000000	1372,000000
0,000000	346,840000	3,360000	19,250000	0,000000	1372,000000
0,000000	347,400000	3,360000	19,250000	0,000000	1372,000000
0,000000	347,500000	3,360000	19,250000	0,000000	1372,000000
0,000000	347,540000	3,360000	19,250000	0,000000	1372,000000
0,000000	347,900000	3,360000	19,250000	0,000000	1372,000000
0,000000	348,160000	3,360000	19,250000	0,000000	1372,000000
0,000000	347,600000	3,360000	19,250000	0,000000	1372,000000
0,000000	347,180000	3,360000	19,250000	0,000000	1372,000000
0,000000	347,240000	3,360000	19,250000	0,000000	1372,000000
0,000000	347,100000	3,360000	19,250000	0,000000	1372,000000
0,000000	347,180000	3,360000	19,250000	0,000000	1372,000000
0,000000	347,180000	3,360000	19,250000	0,000000	1372,000000
0,000000	347,520000	3,360000	19,250000	0,000000	1372,000000
0,000000	347,460000	3,360000	19,250000	0,000000	1372,000000
0,000000	347,500000	3,360000	19,250000	0,000000	1372,000000
0,000000	348,040000	3,360000	19,250000	0,000000	1372,000000
0,000000	347,960000	3,360000	19,250000	0,000000	1372,000000
0,000000	347,980000	3,360000	19,250000	0,000000	1372,000000
0,000000	348,560000	3,360000	19,250000	0,000000	1372,000000
0,000000	347,580000	3,360000	19,250000	0,000000	1372,000000
0,000000	348,520000	3,360000	19,250000	0,000000	1372,000000
0,000000	348,460000	3,360000	19,250000	0,000000	1372,000000
0,000000	348,420000	3,360000	19,250000	0,000000	1372,000000
0,000000	347,760000	3,360000	19,250000	0,000000	1372,000000
0,000000	348,200000	3,360000	19,250000	0,000000	1372,000000
0,000000	348,360000	3,360000	19,250000	0,000000	1315,000000
0,000000	347,600000	3,360000	19,250000	0,000000	1315,000000
0,000000	346,600000	3,360000	19,250000	0,000000	1315,000000
0,000000	345,160000	3,360000	19,250000	0,000000	1315,000000
0,000000	342,420000	3,360000	19,250000	0,000000	1315,000000
0,000000	339,840000	3,360000	19,250000	0,000000	1315,000000
0,000000	338,080000	3,360000	19,250000	0,000000	1315,000000
0,000000	335,060000	3,360000	19,250000	0,000000	1315,000000
0,000000	332,400000	3,360000	19,250000	0,000000	1315,000000
0,000000	329,240000	3,360000	19,250000	0,000000	1315,000000
0,000000	327,060000	3,360000	19,250000	0,000000	1315,000000
0,000000	324,080000	3,360000	19,250000	0,000000	1315,000000
0,000000	321,800000	3,360000	19,250000	0,000000	1315,000000
0,000000	319,420000	3,360000	19,250000	0,000000	1315,000000
0,000000	317,660000	3,360000	19,250000	0,000000	1315,000000
0,000000	315,480000	3,360000	19,250000	0,000000	1315,000000
0,000000	315,480000	3,360000	19,250000	0,000000	1315,000000
0,000000	314,020000	3,360000	19,250000	0,000000	1315,000000
0,000000	311,980000	3,360000	19,250000	0,000000	1315,000000
0,000000	309,960000	3,360000	19,250000	0,000000	1315,000000
0,000000	308,560000	3,360000	19,250000	0,000000	1315,000000
0,000000	307,060000	3,360000	19,250000	0,000000	1315,000000
0,000000	305,060000	3,360000	19,250000	0,000000	1315,000000
0,000000	304,020000	3,360000	19,250000	0,000000	1315,000000
0,000000	302,540000	3,360000	19,250000	0,000000	1315,000000
0,000000	301,120000	3,360000	19,250000	0,000000	1315,000000
0,000000	299,040000	3,360000	19,250000	0,000000	1315,000000
0,000000	298,100000	3,360000	19,250000	0,000000	1315,000000
0,000000	296,780000	3,360000	19,250000	0,000000	1315,000000
0,000000	295,600000	3,360000	19,250000	0,000000	1315,000000
0,000000	294,440000	3,360000	19,250000	0,000000	1315,000000
0,000000	294,100000	3,360000	19,250000	0,000000	1315,000000
0,000000	293,040000	3,360000	19,250000	0,000000	1315,000000
0,000000	292,560000	3,360000	19,250000	0,000000	1315,000000
0,000000	291,220000	3,360000	19,250000	0,000000	1315,000000
0,000000	290,940000	3,360000	19,250000	0,000000	1315,000000
0,000000	289,720000	3,360000	19,250000	0,000000	1315,000000
0,000000	289,720000	3,360000	19,250000	0,000000	1315,000000
0,000000	289,160000	3,360000	19,250000	0,000000	1315,000000
0,000000	288,240000	3,360000	19,250000	0,000000	1315,000000
0,000000	287,900000	3,360000	19,250000	0,000000	1315,000000
0,000000	287,320000	3,360000	19,250000	0,000000	1315,000000
0,000000	287,020000	3,360000	19,250000	0,000000	1315,000000
0,000000	286,240000	3,360000	19,250000	0,000000	1315,000000
0,000000	286,020000	3,360000	19,250000	0,000000	1315,000000
0,000000	286,280000	3,360000	19,250000	0,000000	1315,000000
0,000000	285,240000	3,360000	19,250000	0,000000	1315,000000
0,000000	285,400000	3,360000	19,250000	0,000000	1315,000000
0,000000	285,400000	3,360000	19,250000	0,000000	1315,000000
0,000000	284,800000	3,360000	19,250000	0,000000	1315,000000
0,000000	284,920000	3,360000	19,250000	0,000000	1315,000000
0,000000	284,940000	3,360000	19,250000	0,000000	1315,000000
0,000000	283,960000	3,360000	19,250000	0,000000	1315,000000
0,000000	284,320000	3,360000	19,250000	0,000000	1315,000000
0,000000	283,660000	3,360000	19,250000	0,000000	1315,000000
0,000000	283,600000	3,360000	19,250000	0,000000	1315,000000
0,000000	283,060000	3,360000	19,250000	0,000000	1315,000000
0,000000	282,520000	3,360000	19,250000	0,000000	1315,000000
0,000000	282,240000	3,360000	19,250000	0,000000	1315,000000
0,000000	282,380000	3,360000	19,250000	0,000000	1315,000000
0,000000	282,080000	3,360000	19,250000	0,000000	1315,000000
0,000000	281,560000	3,360000	19,250000	0,000000	1324,000000
0,000000	281,060000	3,360000	19,250000	0,000000	1324,000000
0,000000	281,220000	3,360000	19,250000	0,000000	1324,000000
0,000000	281,400000	3,360000	19,250000	0,000000	1324,000000
0,000000	281,980000	3,360000	19,250000	0,000000	1324,000000
0,000000	282,020000	3,360000	19,250000	0,000000	1324,000000
0,000000	282,100000	3,360000	19,250000	0,000000	1324,000000
0,000000	282,540000	3,360000	19,250000	0,000000	1324,000000
0,000000	282,940000	3,360000	19,250000	0,000000	1324,000000
0,000000	283,300000	3,360000	19,250000	0,000000	1324,000000
0,000000	283,360000	3,360000	19,250000	0,000000	1324,000000
0,000000	284,040000	3,360000	19,250000	0,000000	1324,000000
0,000000	284,020000	3,360000	19,250000	0,000000	1324,000000
0,000000	284,800000	3,360000	19,250000	0,000000	1324,000000
0,000000	285,080000	3,360000	19,250000	0,000000	1324,000000
0,000000	285,200000	3,360000	19,250000	0,000000	1324,000000
0,000000	285,340000	3,360000	19,250000	0,000000	1324,000000
0,000000	285,340000	3,360000	19,250000	0,000000	1324,000000
0,000000	285,880000	3,360000	19,250000	0,000000	1324,000000
0,000000	286,280000	3,360000	19,250000	0,000000	1324,000000
0,000000	286,460000	3,360000	19,250000	0,000000	1324,000000
0,000000	286,740000	3,360000	19,250000	0,000000	1324,000000
0,000000	287,140000	3,360000	19,250000	0,000000	1324,000000
0,000000	287,220000	3,360000	19,250000	0,000000	1324,000000
0,000000	287,120000	3,360000	19,250000	0,000000	1324,000000
0,000000	287,820000	3,360000	19,250000	0,000000	1324,000000
0,000000	287,080000	3,360000	19,250000	0,000000	1324,000000
0,000000	287,240000	3,360000	19,250000	0,000000	1324,000000
0,000000	287,200000	3,360000	19,250000	0,000000	1324,000000
0,000000	287,780000	3,360000	19,250000	0,000000	1324,000000
0,000000	288,660000	3,360000	19,250000	0,000000	1324,000000
0,000000	287,840000	3,360000	19,250000	0,000000	1324,000000
0,000000	288,000000	3,360000	19,250000	0,000000	1324,000000
0,000000	287,720000	3,360000	19,250000	0,000000	1324,000000
0,000000	287,800000	3,360000	19,250000	0,000000	1324,000000
0,000000	288,400000	3,360000	19,250000	0,000000	1324,000000
0,000000	288,160000	3,360000	19,250000	0,000000	1324,000000
0,000000	288,180000	3,360000	19,250000	0,000000	1324,000000
0,000000	287,940000	3,360000	19,250000	0,000000	1324,000000
0,000000	287,900000	3,360000	19,250000	0,000000	1324,000000
0,000000	287,740000	3,360000	19,250000	0,000000	1324,000000
0,000000	287,960000	3,360000	19,250000	0,000000	1324,000000
0,000000	288,100000	3,360000	19,250000	0,000000	1324,000000
0,000000	288,080000	3,360000	19,250000	0,000000	1324,000000
0,000000	287,640000	3,360000	19,250000	0,000000	1324,000000
0,000000	287,580000	3,360000	19,250000	0,000000	1324,000000
0,000000	288,140000	3,360000	19,250000	0,000000	1324,000000
0,000000	288,160000	3,360000	19,250000	0,000000	1324,000000
0,000000	288,080000	3,360000	19,250000	0,000000	1324,000000
0,000000	288,080000	3,360000	19,250000	0,000000	1324,000000
0,000000	287,980000	3,360000	19,250000	0,000000	1324,000000
0,000000	288,720000	3,360000	19,250000	0,000000	1324,000000
0,000000	288,160000	3,360000	19,250000	0,000000	1324,000000
0,000000	288,800000	3,360000	19,250000	0,000000	1324,000000
0,000000	289,100000	3,360000	19,250000	0,000000	1324,000000
0,000000	287,700000	3,360000	19,250000	0,000000	1324,000000
0,000000	288,580000	3,360000	19,250000	0,000000	1324,000000
0,000000	287,960000	3,360000	19,250000	0,000000	1324,000000
0,000000	288,040000	3,360000	19,250000	0,000000	1324,000000
0,000000	287,960000	3,360000	19,250000	0,000000	1324,000000
0,000000	288,360000	3,360000	19,250000	0,000000	1306,000000
0,000000	287,720000	3,360000	19,250000	0,000000	1306,000000
0,000000	287,260000	3,360000	19,250000	0,000000	1306,000000
0,000000	286,940000	3,360000	19,250000	0,000000	1306,000000
0,000000	285,720000	3,360000	19,250000	0,000000	1306,000000
0,000000	284,500000	3,360000	19,250000	0,000000	1306,000000
0,000000	283,420000	3,360000	19,250000	0,000000	1306,000000
0,000000	282,240000	3,360000	19,250000	0,000000	1306,000000
0,000000	280,860000	3,360000	19,250000	0,000000	1306,000000
0,000000	279,900000	3,360000	19,250000	0,000000	1306,000000
0,000000	278,740000	3,360000	19,250000	0,000000	1306,000000
0,000000	277,920000	3,360000	19,250000	0,000000	1306,000000
0,000000	276,640000	3,360000	19,250000	0,000000	1306,000000
0,000000	276,480000	3,360000	19,250000	0,000000	1306,000000
0,000000	275,440000	3,360000	19,250000	0,000000	1306,000000
0,000000	274,820000	3,360000	19,250000	0,000000	1306,000000
0,000000	274,000000	3,360000	19,250000	0,000000	1306,000000
0,000000	273,360000	3,360000	19,250000	0,000000	1306,000000
0,000000	273,300000	3,360000	19,250000	0,000000	1306,000000
0,000000	272,240000	3,360000	19,250000	0,000000	1306,000000
0,000000	272,240000	3,360000	19,250000	0,000000	1306,000000
0,000000	271,840000	3,360000	19,250000	0,000000	1306,000000
0,000000	271,840000	3,360000	19,250000	0,000000	1306,000000
0,000000	271,580000	3,360000	19,250000	0,000000	1306,000000
0,000000	270,780000	3,360000	19,250000	0,000000	1306,000000
0,000000	271,340000	3,360000	19,250000	0,000000	1306,000000
0,000000	270,220000	3,360000	19,250000	0,000000	1306,000000
0,000000	270,360000	3,360000	19,250000	0,000000	1306,000000
0,000000	269,640000	3,360000	19,250000	0,000000	1306,000000
0,000000	269,140000	3,360000	19,250000	0,000000	1306,000000
0,000000	268,480000	3,360000	19,250000	0,000000	1306,000000
0,000000	268,240000	3,360000	19,250000	0,000000	1306,000000
0,000000	268,220000	3,360000	19,250000	0,000000	1306,000000
0,000000	267,920000	3,360000	19,250000	0,000000	1306,000000
0,000000	267,640000	3,360000	19,250000	0,000000	1306,000000
0,000000	267,140000	3,360000	19,250000	0,000000	1306,000000
0,000000	267,300000	3,360000	19,250000	0,000000	1306,000000
0,000000	266,740000	3,360000	19,250000	0,000000	1306,000000
0,000000	267,060000	3,360000	19,250000	0,000000	1306,000000
0,000000	267,540000	3,360000	19,250000	0,000000	1306,000000
0,000000	266,800000	3,360000	19,250000	0,000000	1306,000000
0,000000	266,720000	3,360000	19,250000	0,000000	1306,000000
0,000000	266,640000	3,360000	19,250000	0,000000	1306,000000
0,000000	266,380000	3,360000	19,250000	0,000000	1306,000000
0,000000	266,360000	3,360000	19,250000	0,000000	1306,000000
0,000000	266,260000	3,360000	19,250000	0,000000	1306,000000
0,000000	266,120000	3,360000	19,250000	0,000000	1306,000000
0,000000	266,040000	3,360000	19,250000	0,000000	1306,000000
0,000000	266,460000	3,360000	19,250000	0,000000	1306,000000
0,000000	267,180000	3,360000	19,250000	0,000000	1306,000000
0,000000	266,820000	3,360000	19,250000	0,000000	1306,000000
0,000000	266,980000	3,360000	19,250000	0,000000	1306,000000
0,000000	266,980000	3,360000	19,250000	0,000000	1306,000000
0,000000	266,620000	3,360000	19,250000	0,000000	1306,000000
0,000000	267,160000	3,360000	19,250000	0,000000	1306,000000
0,000000	266,860000	3,360000	19,250000	0,000000	1306,000000
0,000000	266,720000	3,360000	19,250000	0,000000	1306,000000
0,000000	266,640000	3,360000	19,250000	0,000000	1306,000000
0,000000	266,800000	3,360000	19,250000	0,000000	1306,000000
0,000000	266,840000	3,360000	19,250000	0,000000	1306,000000
0,000000	266,680000	3,360000	19,250000	0,000000	1306,000000
0,000000	266,000000	3,360000	19,250000	0,000000	1359,000000
0,000000	266,420000	3,360000	19,250000	0,000000	1359,000000
0,000000	267,140000	3,360000	19,250000	0,000000	1359,000000
0,000000	269,200000	3,360000	19,250000	0,000000	1359,000000
0,000000	271,020000	3,360000	19,250000	0,000000	1359,000000
0,000000	273,500000	3,360000	19,250000	0,000000	1359,000000
0,000000	276,380000	3,360000	19,250000	0,000000	1359,000000
0,000000	279,000000	3,360000	19,250000	0,000000	1359,000000
0,000000	281,640000	3,360000	19,250000	0,000000	1359,000000
0,000000	284,520000	3,360000	19,250000	0,000000	1359,000000
0,000000	287,120000	3,360000	19,250000	0,000000	1359,000000
0,000000	288,980000	3,360000	19,250000	0,000000	1359,000000
0,000000	291,640000	3,360000	19,250000	0,000000	1359,000000
0,000000	293,520000	3,360000	19,250000	0,000000	1359,000000
0,000000	296,140000	3,360000	19,250000	0,000000	1359,000000
0,000000	299,260000	3,360000	19,250000	0,000000	1359,000000
0,000000	300,140000	3,360000	19,250000	0,000000	1359,000000
0,000000	301,760000	3,360000	19,250000	0,000000	1359,000000
0,000000	303,240000	3,360000	19,250000	0,000000	1359,000000
0,000000	304,800000	3,360000	19,250000	0,000000	1359,000000
0,000000	306,620000	3,360000	19,250000	0,000000	1359,000000
0,000000	308,240000	3,360000	19,250000	0,000000	1359,000000
0,000000	310,060000	3,360000	19,250000	0,000000	1359,000000
0,000000	310,060000	3,360000	19,250000	0,000000	1359,000000
0,000000	310,520000	3,360000	19,250000	0,000000	1359,000000
0,000000	312,660000	3,360000	19,250000	0,000000	1359,000000
0,000000	313,900000	3,360000	19,250000	0,000000	1359,000000
0,000000	314,540000	3,360000	19,250000	0,000000	1359,000000
0,000000	315,900000	3,360000	19,250000	0,000000	1359,000000
0,000000	316,560000	3,360000	19,250000	0,000000	1359,000000
0,000000	317,340000	3,360000	19,250000	0,000000	1359,000000
0,000000	317,700000	3,360000	19,250000	0,000000	1359,000000
0,000000	318,940000	3,360000	19,250000	0,000000	1359,000000
0,000000	319,540000	3,360000	19,250000	0,000000	1359,000000
0,000000	319,740000	3,360000	19,250000	0,000000	1359,000000
0,000000	320,120000	3,360000	19,250000	0,000000	1359,000000
0,000000	321,040000	3,360000	19,250000	0,000000	1359,000000
0,000000	321,280000	3,360000	19,250000	0,000000	1359,000000
0,000000	322,080000	3,360000	19,250000	0,000000	1359,000000
0,000000	323,300000	3,360000	19,250000	0,000000	1359,000000
0,000000	323,100000	3,360000	19,250000	0,000000	1359,000000
0,000000	323,760000	3,360000	19,250000	0,000000	1359,000000
0,000000	324,440000	3,360000	19,250000	0,000000	1359,000000
0,000000	324,940000	3,360000	19,250000	0,000000	1359,000000
0,000000	325,500000	3,360000	19,250000	0,000000	1359,000000
0,000000	325,400000	3,360000	19,250000	0,000000	1359,000000
0,000000	325,660000	3,360000	19,250000	0,000000	1359,000000
0,000000	326,160000	3,360000	19,250000	0,000000	1359,000000
0,000000	325,780000	3,360000	19,250000	0,000000	1359,000000
0,000000	326,480000	3,360000	19,250000	0,000000	1359,000000
0,000000	326,880000	3,360000	19,250000	0,000000	1359,000000
0,000000	327,240000	3,360000	19,250000	0,000000	1359,000000
0,000000	327,480000	3,360000	19,250000	0,000000	1359,000000
0,000000	327,480000	3,360000	19,250000	0,000000	1359,000000
0,000000	327,520000	3,360000	19,250000	0,000000	1359,000000
0,000000	328,400000	3,360000	19,250000	0,000000	1359,000000
0,000000	328,320000	3,360000	19,250000	0,000000	1359,000000
0,000000	329,060000	3,360000	19,250000	0,000000	1359,000000
0,000000	329,220000	3,360000	19,250000	0,000000	1359,000000
0,000000	329,140000	3,360000	19,250000	0,000000	1359,000000
0,000000	329,160000	3,360000	19,250000	0,000000	1359,000000
0,000000	329,520000	3,360000	19,250000	0,000000	1381,000000
0,000000	329,260000	3,360000	19,250000	0,000000	1381,000000
0,000000	330,460000	3,360000	19,250000	0,000000	1381,000000
0,000000	331,360000	3,360000	19,250000	0,000000	1381,000000
0,000000	333,640000	3,360000	19,250000	0,000000	1381,000000
0,000000	334,300000	3,360000	19,250000	0,000000	1381,000000
0,000000	335,620000	3,360000	19,250000	0,000000	1381,000000
0,000000	337,120000	3,360000	19,250000	0,000000	1381,000000
0,000000	338,980000	3,360000	19,250000	0,000000	1381,000000
0,000000	339,960000	3,360000	19,250000	0,000000	1381,000000
0,000000	341,740000	3,360000	19,250000	0,000000	1381,000000
0,000000	343,460000	3,360000	19,250000	0,000000	1381,000000
0,000000	344,280000	3,360000	19,250000	0,000000	1381,000000
0,000000	346,240000	3,360000	19,250000	0,000000	1381,000000
0,000000	347,060000	3,360000	19,250000	0,000000	1381,000000
0,000000	346,800000	3,360000	19,250000	0,000000	1381,000000
0,000000	347,980000	3,360000	19,250000	0,000000	1381,000000
0,000000	348,200000	3,360000	19,250000	0,000000	1381,000000
0,000000	348,260000	3,360000	19,250000	0,000000	1381,000000
0,000000	348,820000	3,360000	19,250000	0,000000	1381,000000
0,000000	348,860000	3,360000	19,250000	0,000000	1381,000000
0,000000	349,380000	3,360000	19,250000	0,000000	1381,000000
0,000000	350,160000	3,360000	19,250000	0,000000	1381,000000
0,000000	350,160000	3,360000	19,250000	0,000000	1381,000000
0,000000	350,760000	3,360000	19,250000	0,000000	1381,000000
0,000000	351,100000	3,360000	19,250000	0,000000	1381,000000
0,000000	351,040000	3,360000	19,250000	0,000000	1381,000000
0,000000	351,860000	3,360000	19,250000	0,000000	1381,000000
0,000000	352,080000	3,360000	19,250000	0,000000	1381,000000
0,000000	352,220000	3,360000	19,250000	0,000000	1381,000000
0,000000	352,360000	3,360000	19,250000	0,000000	1381,000000
0,000000	352,840000	3,360000	19,250000	0,000000	1381,000000
0,000000	352,580000	3,360000	19,250000	0,000000	1381,000000
0,000000	352,660000	3,360000	19,250000	0,000000	1381,000000
0,000000	353,220000	3,360000	19,250000	0,000000	1381,000000
0,000000	353,160000	3,360000	19,250000	0,000000	1381,000000
0,000000	353,480000	3,360000	19,250000	0,000000	1381,000000
0,000000	353,160000	3,360000	19,250000	0,000000	1381,000000
0,000000	353,320000	3,360000	19,250000	0,000000	1381,000000
0,000000	353,720000	3,360000	19,250000	0,000000	1381,000000
0,000000	353,380000	3,360000	19,250000	0,000000	1381,000000
0,000000	353,760000	3,360000	19,250000	0,000000	1381,000000
0,000000	354,080000	3,360000	19,250000	0,000000	1381,000000
0,000000	354,380000	3,360000	19,250000	0,000000	1381,000000
0,000000	353,980000	3,360000	19,250000	0,000000	1381,000000
0,000000	355,040000	3,360000	19,250000	0,000000	1381,000000
0,000000	354,860000	3,360000	19,250000	0,000000	1381,000000
0,000000	354,920000	3,360000	19,250000	0,000000	1381,000000
0,000000	354,740000	3,360000	19,250000	0,000000	1381,000000
0,000000	355,500000	3,360000	19,250000	0,000000	1381,000000
0,000000	355,480000	3,360000	19,250000	0,000000	1381,000000
0,000000	355,120000	3,360000	19,250000	0,000000	1381,000000
0,000000	355,460000	3,360000	19,250000	0,000000	1381,000000
0,000000	355,600000	3,360000	19,250000	0,000000	1381,000000
0,000000	355,600000	3,360000	19,250000	0,000000	1381,000000
0,000000	355,460000	3,360000	19,250000	0,000000	1381,000000
0,000000	356,040000	3,360000	19,250000	0,000000	1381,000000
0,000000	355,920000	3,360000	19,250000	0,000000	1381,000000
0,000000	356,020000	3,360000	19,250000	0,000000	1381,000000
0,000000	356,160000	3,360000	19,250000	0,000000	1381,000000
0,000000	355,440000	3,360000	19,250000	0,000000	1381,000000
0,000000	355,660000	3,360000	19,250000	0,000000	1304,000000
0,000000	355,420000	3,360000	19,250000	0,000000	1304,000000
0,000000	353,560000	3,360000	19,250000	0,000000	1304,000000
0,000000	350,420000	3,360000	19,250000	0,000000	1304,000000
0,000000	346,700000	3,360000	19,250000	0,000000	1304,000000
0,000000	342,460000	3,360000	19,250000	0,000000	1304,000000
0,000000	339,160000	3,360000	19,250000	0,000000	1304,000000
0,000000	334,600000	3,360000	19,250000	0,000000	1304,000000
0,000000	330,760000	3,360000	19,250000	0,000000	1304,000000
0,000000	326,720000	3,360000	19,250000	0,000000	1304,000000
0,000000	322,880000	3,360000	19,250000	0,000000	1304,000000
0,000000	319,000000	3,360000	19,250000	0,000000	1304,000000
0,000000	315,160000	3,360000	19,250000	0,000000	1304,000000
0,000000	311,280000	3,360000	19,250000	0,000000	1304,000000
0,000000	309,320000	3,360000	19,250000	0,000000	1304,000000
0,000000	304,980000	3,360000	19,250000	0,000000	1304,000000
0,000000	302,040000	3,360000	19,250000	0,000000	1304,000000
0,000000	300,180000	3,360000	19,250000	0,000000	1304,000000
0,000000	297,700000	3,360000	19,250000	0,000000	1304,000000
0,000000	294,860000	3,360000	19,250000	0,000000	1304,000000
0,000000	292,380000	3,360000	19,250000	0,000000	1304,000000
0,000000	290,740000	3,360000	19,250000	0,000000	1304,000000
0,000000	287,900000	3,360000	19,250000	0,000000	1304,000000
0,000000	287,180000	3,360000	19,250000	0,000000	1304,000000
0,000000	287,180000	3,360000	19,250000	0,000000	1304,000000
0,000000	285,780000	3,360000	19,250000	0,000000	1304,000000
0,000000	283,420000	3,360000	19,250000	0,000000	1304,000000
0,000000	281,980000	3,360000	19,250000	0,000000	1304,000000
0,000000	280,980000	3,360000	19,250000	0,000000	1304,000000
0,000000	280,120000	3,360000	19,250000	0,000000	1304,000000
0,000000	278,580000	3,360000	19,250000	0,000000	1304,000000
0,000000	277,200000	3,360000	19,250000	0,000000	1304,000000
0,000000	276,260000	3,360000	19,250000	0,000000	1304,000000
0,000000	275,600000	3,360000	19,250000	0,000000	1304,000000
0,000000	274,540000	3,360000	19,250000	0,000000	1304,000000
0,000000	273,900000	3,360000	19,250000	0,000000	1304,000000
0,000000	273,260000	3,360000	19,250000	0,000000	1304,000000
0,000000	272,340000	3,360000	19,250000	0,000000	1304,000000
0,000000	271,600000	3,360000	19,250000	0,000000	1304,000000
0,000000	270,280000	3,360000	19,250000	0,000000	1304,000000
0,000000	270,300000	3,360000	19,250000	0,000000	1304,000000
0,000000	269,600000	3,360000	19,250000	0,000000	1304,000000
0,000000	269,500000	3,360000	19,250000	0,000000	1304,000000
0,000000	269,040000	3,360000	19,250000	0,000000	1304,000000
0,000000	268,620000	3,360000	19,250000	0,000000	1304,000000
0,000000	268,080000	3,360000	19,250000	0,000000	1304,000000
0,000000	268,060000	3,360000	19,250000	0,000000	1304,000000
0,000000	267,680000	3,360000	19,250000	0,000000	1304,000000
0,000000	267,560000	3,360000	19,250000	0,000000	1304,000000
0,000000	267,440000	3,360000	19,250000	0,000000	1304,000000
0,000000	267,060000	3,360000	19,250000	0,000000	1304,000000
0,000000	266,980000	3,360000	19,250000	0,000000	1304,000000
0,000000	267,000000	3,360000	19,250000	0,000000	1304,000000
0,000000	266,720000	3,360000	19,250000	0,000000	1304,000000
0,000000	266,460000	3,360000	19,250000	0,000000	1304,000000
0,000000	267,020000	3,360000	19,250000	0,000000	1304,000000
0,000000	267,020000	3,360000	19,250000	0,000000	1304,000000
0,000000	267,300000	3,360000	19,250000	0,000000	1304,000000
0,000000	267,260000	3,360000	19,250000	0,000000	1304,000000
0,000000	267,340000	3,360000	19,250000	0,000000	1304,000000
0,000000	267,280000	3,360000	19,250000	0,000000	1305,000000
0,000000	267,160000	3,360000	19,250000	0,000000	1305,000000
0,000000	267,460000	3,360000	19,250000	0,000000	1305,000000
0,000000	267,040000	3,360000	19,250000	0,000000	1305,000000
0,000000	267,340000	3,360000	19,250000	0,000000	1305,000000
0,000000	267,380000	3,360000	19,250000	0,000000	1305,000000
0,000000	266,940000	3,360000	19,250000	0,000000	1305,000000
0,000000	266,920000	3,360000	19,250000	0,000000	1305,000000
0,000000	266,720000	3,360000	19,250000	0,000000	1305,000000
0,000000	266,680000	3,360000	19,250000	0,000000	1305,000000
0,000000	266,720000	3,360000	19,250000	0,000000	1305,000000
0,000000	267,080000	3,360000	19,250000	0,000000	1305,000000
0,000000	267,140000	3,360000	19,250000	0,000000	1305,000000
0,000000	266,920000	3,360000	19,250000	0,000000	1305,000000
0,000000	266,800000	3,360000	19,250000	0,000000	1305,000000
0,000000	267,160000	3,360000	19,250000	0,000000	1305,000000
0,000000	266,740000	3,360000	19,250000	0,000000	1305,000000
0,000000	266,980000	3,360000	19,250000	0,000000	1305,000000
0,000000	266,840000	3,360000	19,250000	0,000000	1305,000000
0,000000	266,820000	3,360000	19,250000	0,000000	1305,000000
0,000000	266,660000	3,360000	19,250000	0,000000	1305,000000
0,000000	266,680000	3,360000	19,250000	0,000000	1305,000000
0,000000	266,860000	3,360000	19,250000	0,000000	1305,000000
0,000000	266,620000	3,360000	19,250000	0,000000	1305,000000
0,000000	266,600000	3,360000	19,250000	0,000000	1305,000000
0,000000	266,280000	3,360000	19,250000	0,000000	1305,000000
0,000000	266,280000	3,360000	19,250000	0,000000	1305,000000
0,000000	266,420000	3,360000	19,250000	0,000000	1305,000000
0,000000	266,340000	3,360000	19,250000	0,000000	1305,000000
0,000000	266,640000	3,360000	19,250000	0,000000	1305,000000
0,000000	266,020000	3,360000	19,250000	0,000000	1305,000000
0,000000	266,580000	3,360000	19,250000	0,000000	1305,000000
0,000000	266,120000	3,360000	19,250000	0,000000	1305,000000
0,000000	266,100000	3,360000	19,250000	0,000000	1305,000000
0,000000	265,900000	3,360000	19,250000	0,000000	1305,000000
0,000000	265,960000	3,360000	19,250000	0,000000	1305,000000
0,000000	265,640000	3,360000	19,250000	0,000000	1305,000000
0,000000	265,580000	3,360000	19,250000	0,000000	1305,000000
0,000000	265,640000	3,360000	19,250000	0,000000	1305,000000
0,000000	265,420000	3,360000	19,250000	0,000000	1305,000000
0,000000	265,580000	3,360000	19,250000	0,000000	1305,000000
0,000000	265,160000	3,360000	19,250000	0,000000	1305,000000
0,000000	265,020000	3,360000	19,250000	0,000000	1305,000000
0,000000	265,260000	3,360000	19,250000	0,000000	1305,000000
0,000000	265,100000	3,360000	19,250000	0,000000	1305,000000
0,000000	264,960000	3,360000	19,250000	0,000000	1305,000000
0,000000	265,300000	3,360000	19,250000	0,000000	1305,000000
0,000000	265,060000	3,360000	19,250000	0,000000	1305,000000
0,000000	264,660000	3,360000	19,250000	0,000000	1305,000000
0,000000	264,820000	3,360000	19,250000	0,000000	1305,000000
0,000000	265,000000	3,360000	19,250000	0,000000	1305,000000
0,000000	264,840000	3,360000	19,250000	0,000000	1305,000000
0,000000	265,300000	3,360000	19,250000	0,000000	1305,000000
0,000000	265,340000	3,360000	19,250000	0,000000	1305,000000
0,000000	265,140000	3,360000	19,250000	0,000000	1305,000000
0,000000	264,640000	3,360000	19,250000	0,000000	1305,000000
0,000000	264,700000	3,360000	19,250000	0,000000	1305,000000
0,000000	265,080000	3,360000	19,250000	0,000000	1305,000000
0,000000	265,080000	3,360000	19,250000	0,000000	1305,000000
0,000000	265,020000	3,360000	19,250000	0,000000	1305,000000
0,000000	265,000000	3,360000	19,250000	0,000000	1322,000000
0,000000	264,880000	3,360000	19,250000	0,000000	1322,000000
0,000000	266,080000	3,360000	19,250000	0,000000	1322,000000
0,000000	267,020000	3,360000	19,250000	0,000000	1322,000000
0,000000	266,800000	3,360000	19,250000	0,000000	1322,000000
0,000000	268,640000	3,360000	19,250000	0,000000	1322,000000
0,000000	268,720000	3,360000	19,250000	0,000000	1322,000000
0,000000	269,980000	3,360000	19,250000	0,000000	1322,000000
0,000000	270,680000	3,360000	19,250000	0,000000	1322,000000
0,000000	271,200000	3,360000	19,250000	0,000000	1322,000000
0,000000	272,540000	3,360000	19,250000	0,000000	1322,000000
0,000000	272,900000	3,360000	19,250000	0,000000	1322,000000
0,000000	273,780000	3,360000	19,250000	0,000000	1322,000000
0,000000	274,020000	3,360000	19,250000	0,000000	1322,000000
0,000000	274,880000	3,360000	19,250000	0,000000	1322,000000
0,000000	275,080000	3,360000	19,250000	0,000000	1322,000000
0,000000	275,520000	3,360000	19,250000	0,000000	1322,000000
0,000000	276,440000	3,360000	19,250000	0,000000	1322,000000
0,000000	277,120000	3,360000	19,250000	0,000000	1322,000000
0,000000	277,100000	3,360000	19,250000	0,000000	1322,000000
0,000000	277,720000	3,360000	19,250000	0,000000	1322,000000
0,000000	277,560000	3,360000	19,250000	0,000000	1322,000000
0,000000	278,180000	3,360000	19,250000	0,000000	1322,000000
0,000000	278,880000	3,360000	19,250000	0,000000	1322,000000
0,000000	279,160000	3,360000	19,250000	0,000000	1322,000000
0,000000	279,060000	3,360000	19,250000	0,000000	1322,000000
0,000000	279,100000	3,360000	19,250000	0,000000	1322,000000
0,000000	279,660000	3,360000	19,250000	0,000000	1322,000000
0,000000	279,700000	3,360000	19,250000	0,000000	1322,000000
0,000000	279,700000	3,360000	19,250000	0,000000	1322,000000
0,000000	280,000000	3,360000	19,250000	0,000000	1322,000000
0,000000	280,160000	3,360000	19,250000	0,000000	1322,000000
0,000000	280,100000	3,360000	19,250000	0,000000	1322,000000
0,000000	280,980000	3,360000	19,250000	0,000000	1322,000000
0,000000	280,980000	3,360000	19,250000	0,000000	1322,000000
0,000000	280,860000	3,360000	19,250000	0,000000	1322,000000
0,000000	281,100000	3,360000	19,250000	0,000000	1322,000000
0,000000	281,240000	3,360000	19,250000	0,000000	1322,000000
0,000000	281,960000	3,360000	19,250000	0,000000	1322,000000
0,000000	281,380000	3,360000	19,250000	0,000000	1322,000000
0,000000	281,880000	3,360000	19,250000	0,000000	1322,000000
0,000000	281,480000	3,360000	19,250000	0,000000	1322,000000
0,000000	282,400000	3,360000	19,250000	0,000000	1322,000000
0,000000	282,200000	3,360000	19,250000	0,000000	1322,000000
0,000000	282,480000	3,360000	19,250000	0,000000	1322,000000
0,000000	282,800000	3,360000	19,250000	0,000000	1322,000000
0,000000	282,800000	3,360000	19,250000	0,000000	1322,000000
0,000000	283,000000	3,360000	19,250000	0,000000	1322,000000
0,000000	282,840000	3,360000	19,250000	0,000000	1322,000000
0,000000	282,780000	3,360000	19,250000	0,000000	1322,000000
0,000000	283,400000	3,360000	19,250000	0,000000	1322,000000
0,000000	282,800000	3,360000	19,250000	0,000000	1322,000000
0,000000	283,020000	3,360000	19,250000	0,000000	1322,000000
0,000000	283,040000	3,360000	19,250000	0,000000	1322,000000
0,000000	283,080000	3,360000	19,250000	0,000000	1322,000000
0,000000	283,480000	3,360000	19,250000	0,000000	1322,000000
0,000000	283,200000	3,360000	19,250000	0,000000	1322,000000
0,000000	283,140000	3,360000	19,250000	0,000000	1322,000000
0,000000	282,840000	3,360000	19,250000	0,000000	1322,000000
0,000000	282,840000	3,360000	19,250000	0,000000	1322,000000
0,000000	282,580000	3,360000	19,250000	0,000000	1322,000000
0,000000	282,760000	3,360000	19,250000	0,000000	1375,000000
0,000000	283,700000	3,360000	19,250000	0,000000	1375,000000
0,000000	285,340000	3,360000	19,250000	0,000000	1375,000000
0,000000	287,140000	3,360000	19,250000	0,000000	1375,000000
0,000000	290,500000	3,360000	19,250000	0,000000	1375,000000
0,000000	292,900000	3,360000	19,250000	0,000000	1375,000000
0,000000	295,980000	3,360000	19,250000	0,000000	1375,000000
0,000000	298,560000	3,360000	19,250000	0,000000	1375,000000
0,000000	301,980000	3,360000	19,250000	0,000000	1375,000000
0,000000	304,920000	3,360000	19,250000	0,000000	1375,000000
0,000000	307,560000	3,360000	19,250000	0,000000	1375,000000
0,000000	310,520000	3,360000	19,250000	0,000000	1375,000000
0,000000	313,160000	3,360000	19,250000	0,000000	1375,000000
0,000000	316,000000	3,360000	19,250000	0,000000	1375,000000
0,000000	318,180000	3,360000	19,250000	0,000000	1375,000000
0,000000	320,840000	3,360000	19,250000	0,000000	1375,000000
0,000000	323,000000	3,360000	19,250000	0,000000	1375,000000
0,000000	325,020000	3,360000	19,250000	0,000000	1375,000000
0,000000	326,340000	3,360000	19,250000	0,000000	1375,000000
0,000000	328,300000	3,360000	19,250000	0,000000	1375,000000
0,000000	329,320000	3,360000	19,250000	0,000000	1375,000000
0,000000	331,080000	3,360000	19,250000	0,000000	1375,000000
0,000000	332,160000	3,360000	19,250000	0,000000	1375,000000
0,000000	333,300000	3,360000	19,250000	0,000000	1375,000000
0,000000	334,340000	3,360000	19,250000	0,000000	1375,000000
0,000000	335,200000	3,360000	19,250000	0,000000	1375,000000
0,000000	336,240000	3,360000	19,250000	0,000000	1375,000000
0,000000	336,500000	3,360000	19,250000	0,000000	1375,000000
0,000000	338,020000	3,360000	19,250000	0,000000	1375,000000
0,000000	338,940000	3,360000	19,250000	0,000000	1375,000000
0,000000	338,940000	3,360000	19,250000	0,000000	1375,000000
0,000000	339,700000	3,360000	19,250000	0,000000	1375,000000
0,000000	340,060000	3,360000	19,250000	0,000000	1375,000000
0,000000	341,020000	3,360000	19,250000	0,000000	1375,000000
0,000000	341,240000	3,360000	19,250000	0,000000	1375,000000
0,000000	341,780000	3,360000	19,250000	0,000000	1375,000000
0,000000	341,980000	3,360000	19,250000	0,000000	1375,000000
0,000000	342,900000	3,360000	19,250000	0,000000	1375,000000
0,000000	343,220000	3,360000	19,250000	0,000000	1375,000000
0,000000	343,420000	3,360000	19,250000	0,000000	1375,000000
0,000000	343,180000	3,360000	19,250000	0,000000	1375,000000
0,000000	343,720000	3,360000	19,250000	0,000000	1375,000000
0,000000	343,740000	3,360000	19,250000	0,000000	1375,000000
0,000000	344,340000	3,360000	19,250000	0,000000	1375,000000
0,000000	344,660000	3,360000	19,250000	0,000000	1375,000000
0,000000	345,060000	3,360000	19,250000	0,000000	1375,000000
0,000000	345,340000	3,360000	19,250000	0,000000	1375,000000
0,000000	345,420000	3,360000	19,250000	0,000000	1375,000000
0,000000	346,820000	3,360000	19,250000	0,000000	1375,000000
0,000000	346,960000	3,360000	19,250000	0,000000	1375,000000
0,000000	347,240000	3,360000	19,250000	0,000000	1375,000000
0,000000	347,340000	3,360000	19,250000	0,000000	1375,000000
0,000000	347,020000	3,360000	19,250000	0,000000	1375,000000
0,000000	347,720000	3,360000	19,250000	0,000000	1375,000000
0,000000	348,140000	3,360000	19,250000	0,000000	1375,000000
0,000000	347,760000	3,360000	19,250000	0,000000	1375,000000
0,000000	348,180000	3,360000	19,250000	0,000000	1375,000000
0,000000	348,340000	3,360000	19,250000	0,000000	1375,000000
0,000000	348,740000	3,360000	19,250000	0,000000	1375,000000
0,000000	349,000000	3,360000	19,250000	0,000000	1375,000000
0,000000	349,000000	3,360000	19,250000	0,000000	1375,000000
0,000000	349,000000	3,360000	19,250000	0,000000	1303,000000
0,000000	349,380000	3,360000	19,250000	0,000000	1303,000000
0,000000	347,240000	3,360000	19,250000	0,000000	1303,000000
0,000000	344,980000	3,360000	19,250000	0,000000	1303,000000
0,000000	341,060000	3,360000	19,250000	0,000000	1303,000000
0,000000	337,440000	3,360000	19,250000	0,000000	1303,000000
0,000000	333,960000	3,360000	19,250000	0,000000	1303,000000
0,000000	329,040000	3,360000	19,250000	0,000000	1303,000000
0,000000	324,760000	3,360000	19,250000	0,000000	1303,000000
0,000000	320,520000	3,360000	19,250000	0,000000	1303,000000
0,000000	316,080000	3,360000	19,250000	0,000000	1303,000000
0,000000	313,320000	3,360000	19,250000	0,000000	1303,000000
0,000000	310,180000	3,360000	19,250000	0,000000	1303,000000
0,000000	304,640000	3,360000	19,250000	0,000000	1303,000000
0,000000	302,220000	3,360000	19,250000	0,000000	1303,000000
0,000000	299,260000	3,360000	19,250000	0,000000	1303,000000
0,000000	296,400000	3,360000	19,250000	0,000000	1303,000000
0,000000	293,960000	3,360000	19,250000	0,000000	1303,000000
0,000000	291,760000	3,360000	19,250000	0,000000	1303,000000
0,000000	289,040000	3,360000	19,250000	0,000000	1303,000000
0,000000	285,680000	3,360000	19,250000	0,000000	1303,000000
0,000000	284,040000	3,360000	19,250000	0,000000	1303,000000
0,000000	281,920000	3,360000	19,250000	0,000000	1303,000000
0,000000	281,380000	3,360000	19,250000	0,000000	1303,000000
0,000000	278,820000	3,360000	19,250000	0,000000	1303,000000
0,000000	277,660000	3,360000	19,250000	0,000000	1303,000000
0,000000	275,940000	3,360000	19,250000	0,000000	1303,000000
0,000000	275,160000	3,360000	19,250000	0,000000	1303,000000
0,000000	272,760000	3,360000	19,250000	0,000000	1303,000000
0,000000	272,260000	3,360000	19,250000	0,000000	1303,000000
0,000000	271,180000	3,360000	19,250000	0,000000	1303,000000
0,000000	271,180000	3,360000	19,250000	0,000000	1303,000000
0,000000	270,680000	3,360000	19,250000	0,000000	1303,000000
0,000000	269,760000	3,360000	19,250000	0,000000	1303,000000
0,000000	269,220000	3,360000	19,250000	0,000000	1303,000000
0,000000	268,180000	3,360000	19,250000	0,000000	1303,000000
0,000000	268,000000	3,360000	19,250000	0,000000	1303,000000
0,000000	267,300000	3,360000	19,250000	0,000000	1303,000000
0,000000	266,680000	3,360000	19,250000	0,000000	1303,000000
0,000000	266,140000	3,360000	19,250000	0,000000	1303,000000
0,000000	265,900000	3,360000	19,250000	0,000000	1303,000000
0,000000	265,080000	3,360000	19,250000	0,000000	1303,000000
0,000000	264,580000	3,360000	19,250000	0,000000	1303,000000
0,000000	264,040000	3,360000	19,250000	0,000000	1303,000000
0,000000	263,960000	3,360000	19,250000	0,000000	1303,000000
0,000000	262,820000	3,360000	19,250000	0,000000	1303,000000
0,000000	262,620000	3,360000	19,250000	0,000000	1303,000000
0,000000	263,240000	3,360000	19,250000	0,000000	1303,000000
0,000000	262,280000	3,360000	19,250000	0,000000	1303,000000
0,000000	262,280000	3,360000	19,250000	0,000000	1303,000000
0,000000	262,040000	3,360000	19,250000	0,000000	1303,000000
0,000000	261,780000	3,360000	19,250000	0,000000	1303,000000
0,000000	261,860000	3,360000	19,250000	0,000000	1303,000000
0,000000	260,980000	3,360000	19,250000	0,000000	1303,000000
0,000000	261,120000	3,360000	19,250000	0,000000	1303,000000
0,000000	261,120000	3,360000	19,250000	0,000000	1303,000000
0,000000	260,740000	3,360000	19,250000	0,000000	1303,000000
0,000000	260,500000	3,360000	19,250000	0,000000	1303,000000
0,000000	260,120000	3,360000	19,250000	0,000000	1303,000000
0,000000	260,000000	3,360000	19,250000	0,000000	1303,000000
0,000000	260,240000	3,360000	19,250000	0,000000	1372,000000
0,000000	260,780000	3,360000	19,250000	0,000000	1372,000000
0,000000	260,780000	3,360000	19,250000	0,000000	1372,000000
0,000000	262,140000	3,360000	19,250000	0,000000	1372,000000
0,000000	265,140000	3,360000	19,250000	0,000000	1372,000000
0,000000	268,020000	3,360000	19,250000	0,000000	1372,000000
0,000000	272,460000	3,360000	19,250000	0,000000	1372,000000
0,000000	276,880000	3,360000	19,250000	0,000000	1372,000000
0,000000	282,380000	3,360000	19,250000	0,000000	1372,000000
0,000000	285,700000	3,360000	19,250000	0,000000	1372,000000
0,000000	289,560000	3,360000	19,250000	0,000000	1372,000000
0,000000	294,500000	3,360000	19,250000	0,000000	1372,000000
0,000000	297,800000	3,360000	19,250000	0,000000	1372,000000
0,000000	301,340000	3,360000	19,250000	0,000000	1372,000000
0,000000	303,940000	3,360000	19,250000	0,000000	1372,000000
0,000000	307,480000	3,360000	19,250000	0,000000	1372,000000
0,000000	310,400000	3,360000	19,250000	0,000000	1372,000000
0,000000	313,920000	3,360000	19,250000	0,000000	1372,000000
0,000000	316,160000	3,360000	19,250000	0,000000	1372,000000
0,000000	318,800000	3,360000	19,250000	0,000000	1372,000000
0,000000	321,320000	3,360000	19,250000	0,000000	1372,000000
0,000000	323,480000	3,360000	19,250000	0,000000	1372,000000
0,000000	325,700000	3,360000	19,250000	0,000000	1372,000000
0,000000	327,900000	3,360000	19,250000	0,000000	1372,000000
0,000000	328,980000	3,360000	19,250000	0,000000	1372,000000
0,000000	331,180000	3,360000	19,250000	0,000000	1372,000000
0,000000	332,120000	3,360000	19,250000	0,000000	1372,000000
0,000000	333,500000	3,360000	19,250000	0,000000	1372,000000
0,000000	334,620000	3,360000	19,250000	0,000000	1372,000000
0,000000	335,960000	3,360000	19,250000	0,000000	1372,000000
0,000000	336,760000	3,360000	19,250000	0,000000	1372,000000
0,000000	337,400000	3,360000	19,250000	0,000000	1372,000000
0,000000	338,380000	3,360000	19,250000	0,000000	1372,000000
0,000000	339,280000	3,360000	19,250000	0,000000	1372,000000
0,000000	339,280000	3,360000	19,250000	0,000000	1372,000000
0,000000	340,100000	3,360000	19,250000	0,000000	1372,000000
0,000000	340,660000	3,360000	19,250000	0,000000	1372,000000
0,000000	341,340000	3,360000	19,250000	0,000000	1372,000000
0,000000	341,760000	3,360000	19,250000	0,000000	1372,000000
0,000000	342,280000	3,360000	19,250000	0,000000	1372,000000
0,000000	342,780000	3,360000	19,250000	0,000000	1372,000000
0,000000	342,640000	3,360000	19,250000	0,000000	1372,000000
0,000000	343,020000	3,360000	19,250000	0,000000	1372,000000
0,000000	342,680000	3,360000	19,250000	0,000000	1372,000000
0,000000	343,140000	3,360000	19,250000	0,000000	1372,000000
0,000000	343,540000	3,360000	19,250000	0,000000	1372,000000
0,000000	344,060000	3,360000	19,250000	0,000000	1372,000000
0,000000	343,820000	3,360000	19,250000	0,000000	1372,000000
0,000000	343,940000	3,360000	19,250000	0,000000	1372,000000
0,000000	344,180000	3,360000	19,250000	0,000000	1372,000000
0,000000	344,240000	3,360000	19,250000	0,000000	1372,000000
0,000000	344,240000	3,360000	19,250000	0,000000	1372,000000
0,000000	344,500000	3,360000	19,250000	0,000000	1372,000000
0,000000	344,640000	3,360000	19,250000	0,000000	1372,000000
0,000000	344,920000	3,360000	19,250000	0,000000	1372,000000
0,000000	345,200000	3,360000	19,250000	0,000000	1372,000000
0,000000	344,940000	3,360000	19,250000	0,000000	1372,000000
0,000000	345,460000	3,360000	19,250000	0,000000	1372,000000
0,000000	345,480000	3,360000	19,250000	0,000000	1372,000000
0,000000	346,280000	3,360000	19,250000	0,000000	1372,000000
0,000000	346,020000	3,360000	19,250000	0,000000	1383,000000
0,000000	346,080000	3,360000	19,250000	0,000000	1383,000000
0,000000	347,200000	3,360000	19,250000	0,000000	1383,000000
0,000000	346,680000	3,360000	19,250000	0,000000	1383,000000
0,000000	346,680000	3,360000	19,250000	0,000000	1383,000000
0,000000	348,240000	3,360000	19,250000	0,000000	1383,000000
0,000000	348,860000	3,360000	19,250000	0,000000	1383,000000
0,000000	349,740000	3,360000	19,250000	0,000000	1383,000000
0,000000	350,220000	3,360000	19,250000	0,000000	1383,000000
0,000000	351,580000	3,360000	19,250000	0,000000	1383,000000
0,000000	352,080000	3,360000	19,250000	0,000000	1383,000000
0,000000	352,880000	3,360000	19,250000	0,000000	1383,000000
0,000000	353,580000	3,360000	19,250000	0,000000	1383,000000
0,000000	353,560000	3,360000	19,250000	0,000000	1383,000000
0,000000	354,380000	3,360000	19,250000	0,000000	1383,000000
0,000000	354,720000	3,360000	19,250000	0,000000	1383,000000
0,000000	354,680000	3,360000	19,250000	0,000000	1383,000000
0,000000	355,160000	3,360000	19,250000	0,000000	1383,000000
0,000000	355,120000	3,360000	19,250000	0,000000	1383,000000
0,000000	355,800000	3,360000	19,250000	0,000000	1383,000000
0,000000	355,680000	3,360000	19,250000	0,000000	1383,000000
0,000000	356,280000	3,360000	19,250000	0,000000	1383,000000
0,000000	356,600000	3,360000	19,250000	0,000000	1383,000000
0,000000	357,240000	3,360000	19,250000	0,000000	1383,000000
0,000000	357,180000	3,360000	19,250000	0,000000	1383,000000
0,000000	357,320000	3,360000	19,250000	0,000000	1383,000000
0,000000	357,340000	3,360000	19,250000	0,000000	1383,000000
0,000000	357,340000	3,360000	19,250000	0,000000	1383,000000
0,000000	357,340000	3,360000	19,250000	0,000000	1383,000000
0,000000	356,960000	3,360000	19,250000	0,000000	1383,000000
0,000000	357,080000	3,360000	19,250000	0,000000	1383,000000
0,000000	357,160000	3,360000	19,250000	0,000000	1383,000000
0,000000	357,720000	3,360000	19,250000	0,000000	1383,000000
0,000000	357,740000	3,360000	19,250000	0,000000	1383,000000
0,000000	357,960000	3,360000	19,250000	0,000000	1383,000000
0,000000	358,000000	3,360000	19,250000	0,000000	1383,000000
0,000000	358,000000	3,360000	19,250000	0,000000	1383,000000
0,000000	358,100000	3,360000	19,250000	0,000000	1383,000000
0,000000	358,300000	3,360000	19,250000	0,000000	1383,000000
0,000000	358,500000	3,360000	19,250000	0,000000	1383,000000
0,000000	358,940000	3,360000	19,250000	0,000000	1383,000000
0,000000	358,660000	3,360000	19,250000	0,000000	1383,000000
0,000000	359,100000	3,360000	19,250000	0,000000	1383,000000
0,000000	359,120000	3,360000	19,250000	0,000000	1383,000000
0,000000	358,840000	3,360000	19,250000	0,000000	1383,000000
0,000000	358,880000	3,360000	19,250000	0,000000	1383,000000
0,000000	359,040000	3,360000	19,250000	0,000000	1383,000000
0,000000	359,180000	3,360000	19,250000	0,000000	1383,000000
0,000000	359,300000	3,360000	19,250000	0,000000	1383,000000
0,000000	359,580000	3,360000	19,250000	0,000000	1383,000000
0,000000	359,560000	3,360000	19,250000	0,000000	1383,000000
0,000000	360,060000	3,360000	19,250000	0,000000	1383,000000
0,000000	359,920000	3,360000	19,250000	0,000000	1383,000000
0,000000	360,620000	3,360000	19,250000	0,000000	1383,000000
0,000000	361,080000	3,360000	19,250000	0,000000	1383,000000
0,000000	360,040000	3,360000	19,250000	0,000000	1383,000000
0,000000	361,040000	3,360000	19,250000	0,000000	1383,000000
0,000000	360,780000	3,360000	19,250000	0,000000	1383,000000
0,000000	360,860000	3,360000	19,250000	0,000000	1383,000000
0,000000	360,620000	3,360000	19,250000	0,000000	1383,000000
0,000000	361,160000	3,360000	19,250000	0,000000	1383,000000
0,000000	361,160000	3,360000	19,250000	0,000000	1306,000000
0,000000	360,340000	3,360000	19,250000	0,000000	1306,000000
0,000000	357,000000	3,360000	19,250000	0,000000	1306,000000
0,000000	353,520000	3,360000	19,250000	0,000000	1306,000000
0,000000	349,660000	3,360000	19,250000	0,000000	1306,000000
0,000000	349,660000	3,360000	19,250000	0,000000	1306,000000
0,000000	344,020000	3,360000	19,250000	0,000000	1306,000000
0,000000	338,660000	3,360000	19,250000	0,000000	1306,000000
0,000000	333,860000	3,360000	19,250000	0,000000	1306,000000
0,000000	329,020000	3,360000	19,250000	0,000000	1306,000000
0,000000	324,660000	3,360000	19,250000	0,000000	1306,000000
0,000000	320,640000	3,360000	19,250000	0,000000	1306,000000
0,000000	313,760000	3,360000	19,250000	0,000000	1306,000000
0,000000	311,240000	3,360000	19,250000	0,000000	1306,000000
0,000000	306,440000	3,360000	19,250000	0,000000	1306,000000
0,000000	303,580000	3,360000	19,250000	0,000000	1306,000000
0,000000	300,680000	3,360000	19,250000	0,000000	1306,000000
0,000000	297,780000	3,360000	19,250000	0,000000	1306,000000
0,000000	293,440000	3,360000	19,250000	0,000000	1306,000000
0,000000	291,540000	3,360000	19,250000	0,000000	1306,000000
0,000000	289,600000	3,360000	19,250000	0,000000	1306,000000
0,000000	286,740000	3,360000	19,250000	0,000000	1306,000000
0,000000	285,500000	3,360000	19,250000	0,000000	1306,000000
0,000000	284,040000	3,360000	19,250000	0,000000	1306,000000
0,000000	281,680000	3,360000	19,250000	0,000000	1306,000000
0,000000	279,480000	3,360000	19,250000	0,000000	1306,000000
0,000000	278,720000	3,360000	19,250000	0,000000	1306,000000
0,000000	277,140000	3,360000	19,250000	0,000000	1306,000000
0,000000	276,040000	3,360000	19,250000	0,000000	1306,000000
0,000000	275,340000	3,360000	19,250000	0,000000	1306,000000
0,000000	274,140000	3,360000	19,250000	0,000000	1306,000000
0,000000	273,120000	3,360000	19,250000	0,000000	1306,000000
0,000000	272,260000	3,360000	19,250000	0,000000	1306,000000
0,000000	271,060000	3,360000	19,250000	0,000000	1306,000000
0,000000	270,920000	3,360000	19,250000	0,000000	1306,000000
0,000000	269,660000	3,360000	19,250000	0,000000	1306,000000
0,000000	269,880000	3,360000	19,250000	0,000000	1306,000000
0,000000	269,880000	3,360000	19,250000	0,000000	1306,000000
0,000000	269,480000	3,360000	19,250000	0,000000	1306,000000
0,000000	269,320000	3,360000	19,250000	0,000000	1306,000000
0,000000	267,420000	3,360000	19,250000	0,000000	1306,000000
0,000000	268,200000	3,360000	19,250000	0,000000	1306,000000
0,000000	268,020000	3,360000	19,250000	0,000000	1306,000000
0,000000	267,600000	3,360000	19,250000	0,000000	1306,000000
0,000000	266,840000	3,360000	19,250000	0,000000	1306,000000
0,000000	266,880000	3,360000	19,250000	0,000000	1306,000000
0,000000	265,820000	3,360000	19,250000	0,000000	1306,000000
0,000000	265,140000	3,360000	19,250000	0,000000	1306,000000
0,000000	265,020000	3,360000	19,250000	0,000000	1306,000000
0,000000	264,620000	3,360000	19,250000	0,000000	1306,000000
0,000000	264,880000	3,360000	19,250000	0,000000	1306,000000
0,000000	264,420000	3,360000	19,250000	0,000000	1306,000000
0,000000	264,580000	3,360000	19,250000	0,000000	1306,000000
0,000000	264,440000	3,360000	19,250000	0,000000	1306,000000
0,000000	263,680000	3,360000	19,250000	0,000000	1306,000000
0,000000	263,880000	3,360000	19,250000	0,000000	1306,000000
0,000000	263,760000	3,360000	19,250000	0,000000	1306,000000
0,000000	263,300000	3,360000	19,250000	0,000000	1306,000000
0,000000	263,460000	3,360000	19,250000	0,000000	1306,000000
0,000000	262,940000	3,360000	19,250000	0,000000	1306,000000
0,000000	263,340000	3,360000	19,250000	0,000000	1306,000000
0,000000	262,120000	3,360000	19,250000	0,000000	1384,000000
0,000000	264,000000	3,360000	19,250000	0,000000	1384,000000
0,000000	266,240000	3,360000	19,250000	0,000000	1384,000000
0,000000	269,340000	3,360000	19,250000	0,000000	1384,000000
0,000000	274,940000	3,360000	19,250000	0,000000	1384,000000
0,000000	279,320000	3,360000	19,250000	0,000000	1384,000000
0,000000	284,240000	3,360000	19,250000	0,000000	1384,000000
0,000000	289,520000	3,360000	19,250000	0,000000	1384,000000
0,000000	289,520000	3,360000	19,250000	0,000000	1384,000000
0,000000	293,860000	3,360000	19,250000	0,000000	1384,000000
0,000000	299,000000	3,360000	19,250000	0,000000	1384,000000
0,000000	303,760000	3,360000	19,250000	0,000000	1384,000000
0,000000	308,720000	3,360000	19,250000	0,000000	1384,000000
0,000000	312,640000	3,360000	19,250000	0,000000	1384,000000
0,000000	317,300000	3,360000	19,250000	0,000000	1384,000000
0,000000	320,800000	3,360000	19,250000	0,000000	1384,000000
0,000000	323,680000	3,360000	19,250000	0,000000	1384,000000
0,000000	327,200000	3,360000	19,250000	0,000000	1384,000000
0,000000	328,640000	3,360000	19,250000	0,000000	1384,000000
0,000000	331,860000	3,360000	19,250000	0,000000	1384,000000
0,000000	334,160000	3,360000	19,250000	0,000000	1384,000000
0,000000	335,980000	3,360000	19,250000	0,000000	1384,000000
0,000000	337,440000	3,360000	19,250000	0,000000	1384,000000
0,000000	339,480000	3,360000	19,250000	0,000000	1384,000000
0,000000	341,620000	3,360000	19,250000	0,000000	1384,000000
0,000000	343,960000	3,360000	19,250000	0,000000	1384,000000
0,000000	345,820000	3,360000	19,250000	0,000000	1384,000000
0,000000	347,260000	3,360000	19,250000	0,000000	1384,000000
0,000000	348,000000	3,360000	19,250000	0,000000	1384,000000
0,000000	349,140000	3,360000	19,250000	0,000000	1384,000000
0,000000	349,060000	3,360000	19,250000	0,000000	1384,000000
0,000000	350,700000	3,360000	19,250000	0,000000	1384,000000
0,000000	350,980000	3,360000	19,250000	0,000000	1384,000000
0,000000	351,860000	3,360000	19,250000	0,000000	1384,000000
0,000000	352,180000	3,360000	19,250000	0,000000	1384,000000
0,000000	352,180000	3,360000	19,250000	0,000000	1384,000000
0,000000	352,840000	3,360000	19,250000	0,000000	1384,000000
0,000000	353,260000	3,360000	19,250000	0,000000	1384,000000
0,000000	353,260000	3,360000	19,250000	0,000000	1384,000000
0,000000	353,940000	3,360000	19,250000	0,000000	1384,000000
0,000000	354,360000	3,360000	19,250000	0,000000	1384,000000
0,000000	354,720000	3,360000	19,250000	0,000000	1384,000000
0,000000	354,380000	3,360000	19,250000	0,000000	1384,000000
0,000000	355,140000	3,360000	19,250000	0,000000	1384,000000
0,000000	355,240000	3,360000	19,250000	0,000000	1384,000000
0,000000	355,580000	3,360000	19,250000	0,000000	1384,000000
0,000000	355,480000	3,360000	19,250000	0,000000	1384,000000
0,000000	356,240000	3,360000	19,250000	0,000000	1384,000000
0,000000	355,980000	3,360000	19,250000	0,000000	1384,000000
0,000000	356,120000	3,360000	19,250000	0,000000	1384,000000
0,000000	356,240000	3,360000	19,250000	0,000000	1384,000000
0,000000	356,540000	3,360000	19,250000	0,000000	1384,000000
0,000000	356,460000	3,360000	19,250000	0,000000	1384,000000
0,000000	357,260000	3,360000	19,250000	0,000000	1384,000000
0,000000	357,820000	3,360000	19,250000	0,000000	1384,000000
0,000000	357,960000	3,360000	19,250000	0,000000	1384,000000
0,000000	359,380000	3,360000	19,250000	0,000000	1384,000000
0,000000	359,000000	3,360000	19,250000	0,000000	1384,000000
0,000000	359,260000	3,360000	19,250000	0,000000	1384,000000
0,000000	359,260000	3,360000	19,250000	0,000000	1384,000000
0,000000	360,100000	3,360000	19,250000	0,000000	1365,000000
0,000000	359,920000	3,360000	19,250000	0,000000	1365,000000
0,000000	358,240000	3,360000	19,250000	0,000000	1365,000000
0,000000	357,180000	3,360000	19,250000	0,000000	1365,000000
0,000000	355,700000	3,360000	19,250000	0,000000	1365,000000
0,000000	354,220000	3,360000	19,250000	0,000000	1365,000000
0,000000	352,480000	3,360000	19,250000	0,000000	1365,000000
0,000000	351,940000	3,360000	19,250000	0,000000	1365,000000
0,000000	351,940000	3,360000	19,250000	0,000000	1365,000000
0,000000	350,580000	3,360000	19,250000	0,000000	1365,000000
0,000000	349,420000	3,360000	19,250000	0,000000	1365,000000
0,000000	347,380000	3,360000	19,250000	0,000000	1365,000000
0,000000	346,580000	3,360000	19,250000	0,000000	1365,000000
0,000000	344,620000	3,360000	19,250000	0,000000	1365,000000
0,000000	344,460000	3,360000	19,250000	0,000000	1365,000000
0,000000	344,020000	3,360000	19,250000	0,000000	1365,000000
0,000000	342,920000	3,360000	19,250000	0,000000	1365,000000
0,000000	341,720000	3,360000	19,250000	0,000000	1365,000000
0,000000	340,500000	3,360000	19,250000	0,000000	1365,000000
0,000000	340,160000	3,360000	19,250000	0,000000	1365,000000
0,000000	339,220000	3,360000	19,250000	0,000000	1365,000000
0,000000	338,960000	3,360000	19,250000	0,000000	1365,000000
0,000000	338,560000	3,360000	19,250000	0,000000	1365,000000
0,000000	337,940000	3,360000	19,250000	0,000000	1365,000000
0,000000	337,940000	3,360000	19,250000	0,000000	1365,000000
0,000000	337,440000	3,360000	19,250000	0,000000	1365,000000
0,000000	336,540000	3,360000	19,250000	0,000000	1365,000000
0,000000	337,160000	3,360000	19,250000	0,000000	1365,000000
0,000000	336,640000	3,360000	19,250000	0,000000	1365,000000
0,000000	336,120000	3,360000	19,250000	0,000000	1365,000000
0,000000	336,060000	3,360000	19,250000	0,000000	1365,000000
0,000000	335,760000	3,360000	19,250000	0,000000	1365,000000
0,000000	336,000000	3,360000	19,250000	0,000000	1365,000000
0,000000	335,900000	3,360000	19,250000	0,000000	1365,000000
0,000000	335,920000	3,360000	19,250000	0,000000	1365,000000
0,000000	335,700000	3,360000	19,250000	0,000000	1365,000000
0,000000	335,700000	3,360000	19,250000	0,000000	1365,000000
0,000000	335,240000	3,360000	19,250000	0,000000	1365,000000
0,000000	335,420000	3,360000	19,250000	0,000000	1365,000000
0,000000	335,420000	3,360000	19,250000	0,000000	1365,000000
0,000000	335,760000	3,360000	19,250000	0,000000	1365,000000
0,000000	335,980000	3,360000	19,250000	0,000000	1365,000000
0,000000	336,260000	3,360000	19,250000	0,000000	1365,000000
0,000000	335,640000	3,360000	19,250000	0,000000	1365,000000
0,000000	335,520000	3,360000	19,250000	0,000000	1365,000000
0,000000	335,580000	3,360000	19,250000	0,000000	1365,000000
0,000000	335,500000	3,360000	19,250000	0,000000	1365,000000
0,000000	335,020000	3,360000	19,250000	0,000000	1365,000000
0,000000	333,960000	3,360000	19,250000	0,000000	1365,000000
0,000000	334,160000	3,360000	19,250000	0,000000	1365,000000
0,000000	334,180000	3,360000	19,250000	0,000000	1365,000000
0,000000	333,860000	3,360000	19,250000	0,000000	1365,000000
0,000000	334,260000	3,360000	19,250000	0,000000	1365,000000
0,000000	334,080000	3,360000	19,250000	0,000000	1365,000000
0,000000	334,280000	3,360000	19,250000	0,000000	1365,000000
0,000000	334,080000	3,360000	19,250000	0,000000	1365,000000
0,000000	334,100000	3,360000	19,250000	0,000000	1365,000000
0,000000	333,840000	3,360000	19,250000	0,000000	1365,000000
0,000000	334,140000	3,360000	19,250000	0,000000	1365,000000
0,000000	334,060000	3,360000	19,250000	0,000000	1365,000000
0,000000	333,880000	3,360000	19,250000	0,000000	1374,000000
0,000000	333,740000	3,360000	19,250000	0,000000	1374,000000
0,000000	334,740000	3,360000	19,250000	0,000000	1374,000000
0,000000	335,000000	3,360000	19,250000	0,000000	1374,000000
0,000000	335,960000	3,360000	19,250000	0,000000	1374,000000
0,000000	336,240000	3,360000	19,250000	0,000000	1374,000000
0,000000	336,960000	3,360000	19,250000	0,000000	1374,000000
0,000000	337,680000	3,360000	19,250000	0,000000	1374,000000
0,000000	338,500000	3,360000	19,250000	0,000000	1374,000000
0,000000	339,240000	3,360000	19,250000	0,000000	1374,000000
0,000000	339,980000	3,360000	19,250000	0,000000	1374,000000
0,000000	339,980000	3,360000	19,250000	0,000000	1374,000000
0,000000	340,920000	3,360000	19,250000	0,000000	1374,000000
0,000000	341,520000	3,360000	19,250000	0,000000	1374,000000
0,000000	341,880000	3,360000	19,250000	0,000000	1374,000000
0,000000	342,680000	3,360000	19,250000	0,000000	1374,000000
0,000000	342,800000	3,360000	19,250000	0,000000	1374,000000
0,000000	343,580000	3,360000	19,250000	0,000000	1374,000000
0,000000	343,520000	3,360000	19,250000	0,000000	1374,000000
0,000000	344,140000	3,360000	19,250000	0,000000	1374,000000
0,000000	344,080000	3,360000	19,250000	0,000000	1374,000000
0,000000	344,160000	3,360000	19,250000	0,000000	1374,000000
0,000000	344,720000	3,360000	19,250000	0,000000	1374,000000
0,000000	344,880000	3,360000	19,250000	0,000000	1374,000000
0,000000	345,120000	3,360000	19,250000	0,000000	1374,000000
0,000000	344,320000	3,360000	19,250000	0,000000	1374,000000
0,000000	344,520000	3,360000	19,250000	0,000000	1374,000000
0,000000	345,100000	3,360000	19,250000	0,000000	1374,000000
0,000000	345,300000	3,360000	19,250000	0,000000	1374,000000
0,000000	345,740000	3,360000	19,250000	0,000000	1374,000000
0,000000	345,660000	3,360000	19,250000	0,000000	1374,000000
0,000000	345,700000	3,360000	19,250000	0,000000	1374,000000
0,000000	345,880000	3,360000	19,250000	0,000000	1374,000000
0,000000	345,800000	3,360000	19,250000	0,000000	1374,000000
0,000000	346,140000	3,360000	19,250000	0,000000	1374,000000
0,000000	345,900000	3,360000	19,250000	0,000000	1374,000000
0,000000	346,040000	3,360000	19,250000	0,000000	1374,000000
0,000000	346,520000	3,360000	19,250000	0,000000	1374,000000
0,000000	346,380000	3,360000	19,250000	0,000000	1374,000000
0,000000	346,160000	3,360000	19,250000	0,000000	1374,000000
