3.08
3.08
3.08
3.08
3.08
3.08
3.08
3.08
3.08
3.08
3.08
3.08
3.08
3.08
3.08
3.08
3.08
3.08
3.08
3.08
3.08
3.08
3.08
3.08
3.08
3.08
3.08
3.08
3.08
3.08
3.08
3.08
3.08
3.08
3.08
3.08
3.08
3.08
3.08
3.08
3.08
3.08
4.98
4.54
4.06
3.98
3.44
3
2.9
2.38
2.06
1.96
1.76
1.56
1.26
1.08
1.14
0.92
1.66
2.84
9.9
21.14
34.96
46.46
61.52
76.5
95.06
111.1
126.22
140.34
155.86
171.02
176.48
176.48
183.7
191.06
196.78
208.02
210.62
216.6
220.02
228.14
230.42
233.94
237.24
241.84
243.84
246.92
249.2
253.1
254.08
256.6
258.06
261.08
261.6
263.5
264.34
266.52
267.08
268.74
268.66
271.12
272.08
273.02
273.02
273.74
274.68
275.86
275.54
277.08
277.48
278.3
278.64
279.06
279.4
279.74
280.22
280.12
280.08
281.04
280.92
281.18
281.04
281.72
281.64
281.82
282.32
282.28
282.84
282.92
283.24
282.98
282.86
282.84
283.6
283.62
283.62
284.26
284.1
284.48
284.38
284.66
284.72
284.96
284.78
284.44
284.16
284.46
284.16
283.74
283.96
284.12
283.8
284.02
283.62
284
284.02
283.82
283.98
284.38
283.6
283.84
284.56
284.12
284.06
284.2
284.2
284.24
284.72
284.94
283.78
283.02
281.98
280.3
278.26
275.44
271.94
271.02
268.78
266.96
265.04
263.22
260.72
258.46
256.82
256.04
254.06
252.92
251.88
250.96
249.54
248.24
247.4
246.48
245.76
244.72
243.74
242.9
242.52
242.52
241.4
241.1
240.8
241.06
240.48
240.56
239.9
239.82
239.68
239.1
239.54
239.22
239.04
238.92
238.82
238.46
238.16
237.64
238.02
237.6
237.78
237.94
237.5
237.64
237.14
236.78
237
236.98
236.94
236.6
237.52
236.96
236.96
237.78
238.14
238.74
239.34
239.64
240.14
240.78
241.3
242.34
242.46
243.08
243.06
242.88
244.1
244.28
244.36
244.76
245.2
245.2
246
246.06
245.96
246.08
246.26
246.42
245.9
246.52
246.3
245.92
245.9
246.42
246.2
246.2
247.22
247.3
246.92
247.38
247.26
247.14
246.92
247.28
247.32
247.16
246.62
246.76
247.2
247.02
246.96
247.26
247.3
246.92
247.14
246.64
246.94
246.94
247.06
246.96
247.06
246.82
247.34
246.96
247.94
252.06
252.06
253.74
255.94
257.88
262.18
264.22
266.06
270.56
271.88
274.08
278.2
278.96
280.12
282.76
284.42
286.5
287.98
289.62
291.5
291.9
293.32
294.7
296.5
296.96
298.18
299.34
300.1
300.18
300.94
301.96
301.98
303.42
303.52
303.52
304.08
304.84
304.76
305
306
305.56
306.02
306.78
306.32
306.62
306.7
306.68
307.14
306.98
306.96
306.72
307.32
307.4
307.06
308.22
307.96
307.74
307.8
308.06
307.24
305.22
301.66
295.82
288.72
288.72
279.84
268.6
260.6
246.64
244.84
235.92
226.42
218.04
209.88
206.52
198.7
194.88
187.8
184.6
177.88
169.68
165.92
157.88
157.46
153.98
152.66
149.46
147.76
144.66
143.08
140.9
139.42
137.34
136.24
134.66
133.28
132.44
132.44
131.4
129.96
129.34
128.72
127.86
127.1
127.06
125.98
125.54
125.5
124.18
124.18
123.7
122.92
122.94
122.84
122.66
121.78
121.88
122
121.38
121.36
121.02
123.14
123.9
126.16
129.8
131.22
134.04
137.64
139.02
142.54
144.1
146.44
146.44
148.46
150.58
153.18
154
156.48
158.24
159.9
160.36
162.36
163.26
164.2
166.26
166.54
167.1
167.92
169.52
169.5
170.9
170.88
171.44
172.14
173.22
173.46
173.92
174.2
174.44
174.86
175.02
175.72
176.08
175.44
175.44
175.58
176.1
175.98
176.68
176.36
176.54
176.88
176.72
176.8
176.44
176.3
177.16
177.08
177.1
176.9
178.08
182.26
188.14
196
201.1
206.68
211.84
216.78
225.28
229.84
234.12
242.3
246.66
253.5
256.64
260.78
266.74
266.74
270.06
275.56
277.98
279.76
283.72
285.84
289.94
291.72
294.14
295.34
297.08
298.46
300.68
302.36
303.66
304.98
306.12
306.88
308.62
309.12
310.3
311.02
312.12
311.9
313.04
313.96
313.96
315
315.58
316.44
317.34
317.34
317.1
317.92
318.06
318.2
319.32
319.16
319.84
319.74
319.54
320.24
320.18
319.46
317.36
309.28
306.2
301.14
294.7
287.8
280.76
272.28
268.38
264.5
256.9
250.54
243.9
236.66
237.02
230.9
226.42
221.3
221.3
219.3
215.92
211.36
208.14
203.44
204.58
200.68
198.74
195.44
196.14
194
192.3
190.18
190.46
188.76
187.36
186.06
186.16
185.18
183.7
183.14
182.94
182.28
181.84
181.02
180.98
180.74
180.1
179.58
179.58
179.38
178.96
178.96
178.4
178.26
178.72
178.92
178.54
178.16
178.68
178.38
178.16
178.16
177.82
177.68
177.36
176.4
176.52
176.38
175.88
175.2
175.08
174.9
174.8
173.92
173.92
173.7
173.86
173.18
172.86
173.26
172.54
172.36
172.6
172.06
172.06
171.56
171.88
171.7
171.9
171.78
171.84
171.56
171.74
170.56
171.22
170.94
170.86
170.68
171.06
170.54
171.14
170.82
170.76
170.96
171.02
171.7
171.52
171.48
171.5
171.12
170.94
171.1
171.12
171.28
171.24
171.22
170.58
170.64
170.64
170.72
170.66
170.5
170.82
170
168.86
167.82
167.68
166.1
164.84
163.92
161.6
161.32
160.9
159.18
159.06
158.26
157.24
157.24
156.78
155.22
155.08
155.12
153.9
153.72
153.58
153.96
152.94
153.14
152.8
152.8
151.92
152.18
151.82
152.14
151.94
151.88
151.34
151.1
151
151
149.96
149.88
149.94
149.88
149.8
149.58
149.58
149.32
148.68
149.3
149.34
149.16
148.96
149.12
149.24
149.48
149.06
148.64
148.72
148.98
149.2
149.96
149.96
150.34
153.06
155.26
159.18
158.92
162.22
164
166.8
170.7
171.1
174.06
175.74
176.96
178.9
180.94
182
182.74
184.44
186.12
186.22
187.38
188.96
189.74
189.94
190.38
191.92
192.32
192.48
193.2
193.72
193.78
193.94
194.74
195.2
195.2
195.26
195.74
195.94
195.88
196.32
195.96
196.06
195.86
196.08
196.42
196.34
196.24
196.52
196.9
196.46
197.18
197
196.8
197.12
196.38
197.02
196.72
197.12
197.1
198.64
201.68
204.86
208.26
211.74
215.68
221.48
221.48
225.48
229.1
235.68
237.1
240.42
243
246.2
249.38
250.84
253.14
253.46
257.24
258.58
260.6
262.3
264.12
265.7
266.86
268.72
269.48
270.46
271.36
272.74
272.72
273.82
274.8
275.74
276.08
277.68
277.48
278.46
278.46
279.04
278.78
280
280.02
280.62
281.34
281.08
281.16
281.3
281.42
281.06
281.76
281.9
282.16
282.36
282.36
282.84
282.86
283.1
283.08
283.1
282.82
281.02
276.72
270.82
262.08
253.88
242.24
239.26
228.92
208
208.32
208.32
197.9
193.22
182.06
176.36
162.66
167.48
162.04
154.08
148.94
141.56
134.86
138.38
132.96
129.5
124.32
123.58
122.48
118.8
116.82
114.22
114.52
113.14
110.86
109.02
107.58
108.02
107.02
106.2
104.78
103.56
104.42
104.42
103.9
102.88
102.24
101.76
102.16
101.86
101.38
101.14
100.82
99.76
101.14
100.42
99.56
100.04
99.76
100.04
99.96
101.5
108.84
112.86
116.14
124.44
132.66
137.26
145.4
152.88
158.44
159.7
165.88
170.98
175.88
179.46
183.04
187.2
187.2
190.86
193.56
196.48
198.72
200.82
202.8
204.6
206.84
208.08
210.16
211.16
211.84
213.38
214.28
215.42
215.44
216.76
217.16
217.74
218.8
219
219.3
219.82
220.42
220.72
221.12
221.6
221.62
222.04
222.34
222.34
222.66
222.28
223.1
223.1
223.6
223.02
223.3
223.62
223.64
223.78
223.9
223.78
223.3
223.12
223.28
223.74
223.88
223.96
223.78
223.96
223.5
223.94
224.38
224
224.16
224.04
224.38
224.12
223.8
224.1
224.08
224.38
224.68
224.76
224.76
224.76
224.84
225
225.1
224.82
225.46
225.14
225.06
224.94
225.22
225.26
225.06
224.52
225.06
225.08
224.96
225.04
225.4
224.76
225.28
224.8
225.06
225.12
225
225.44
224.72
225.24
224.98
224.76
224.8
224.98
224.96
224.96
225.3
225.26
225.4
224.98
224.96
223.16
219.48
216.34
210.46
205.66
202.22
197.78
190.08
189.28
184.66
177.24
177
173.44
172.14
165.88
164.18
163.06
160.58
156.48
155.78
154.78
153.74
152
149.06
148.98
147.4
147.64
147.18
147.18
145.24
145.26
144.8
144.86
143.96
142.68
143
142.98
142.68
142.12
141.2
141.42
140.84
141.08
141.18
141.06
140.9
141.32
140.62
140.62
140.8
140.76
141.24
140.78
141.32
140.8
140.22
140.68
140.86
140.82
140.98
143.52
143.52
152.48
161.84
172.8
182.74
196.84
202.74
211.24
221.88
227.98
233.98
245.24
247.36
251.56
257.76
262.62
269.44
272.76
277.98
280.54
283.18
287.14
289.58
293.2
295.22
298.64
300.3
303.02
303.36
304.96
306.82
308
309.64
309.64
311.08
312.44
313.08
314.76
315.1
316.06
316.14
317.04
317.74
317.44
318.2
318.44
319.62
319.02
319.88
320
320.7
321.02
321.12
320.94
321.66
322.08
322.34
322.06
321.94
320.18
315.76
310.9
306.76
306.76
301.36
295.56
289.04
283.02
276.04
270.02
263.64
257.36
249.72
248.4
245.5
241.16
236
232.6
230.24
226.7
223.48
221.5
220.58
217.84
215.58
215.16
213.04
211
209.08
209.98
209.06
208.38
206.58
206.8
205.94
204.6
204.6
204.7
204.96
204.34
203.9
203.2
203.48
202.94
202.68
202.42
202.62
201.64
202.14
201.98
201.96
201.66
201.8
201.38
201.94
201.66
201.66
201.08
