SP	FB	KP	KI	KD	PWM
0,000000	281,760000	3,350000	19,140000	0,000000	1318,000000
0,000000	0,000000	0,000000	0,000000	0,000000	1338,520000
0,000000	291,960000	3,350000	19,140000	0,000000	1347,770000
0,000000	291,960000	3,350000	19,140000	0,000000	1347,770000
0,000000	291,960000	3,350000	19,140000	0,000000	1347,770000
0,000000	291,960000	3,350000	19,140000	0,000000	1347,770000
0,000000	291,960000	3,350000	19,140000	0,000000	1347,770000
0,000000	291,960000	3,350000	19,140000	0,000000	1347,770000
0,000000	291,960000	3,350000	19,140000	0,000000	1347,770000
0,000000	291,960000	3,350000	19,140000	0,000000	1347,770000
0,000000	291,960000	3,350000	19,140000	0,000000	1347,770000
0,000000	291,960000	3,350000	19,140000	0,000000	1347,770000
0,000000	291,960000	3,350000	19,140000	0,000000	1347,770000
0,000000	291,960000	3,350000	19,140000	0,000000	1347,770000
0,000000	303,040000	3,340000	19,030000	0,000000	900,000000
0,000000	304,980000	3,340000	19,030000	0,000000	900,000000
0,000000	303,160000	3,340000	19,030000	0,000000	900,000000
0,000000	297,780000	3,340000	19,030000	0,000000	900,000000
0,000000	286,420000	3,340000	19,030000	0,000000	900,000000
0,000000	260,720000	3,340000	19,030000	0,000000	900,000000
0,000000	231,720000	3,340000	19,030000	0,000000	900,000000
0,000000	216,760000	3,340000	19,030000	0,000000	900,000000
0,000000	171,720000	3,340000	19,030000	0,000000	900,000000
0,000000	114,680000	3,340000	19,030000	0,000000	900,000000
0,000000	81,320000	3,340000	19,030000	0,000000	900,000000
0,000000	59,320000	3,340000	19,030000	0,000000	900,000000
0,000000	44,660000	3,340000	19,030000	0,000000	900,000000
0,000000	33,840000	3,340000	19,030000	0,000000	900,000000
0,000000	25,880000	3,340000	19,030000	0,000000	900,000000
0,000000	19,680000	3,340000	19,030000	0,000000	900,000000
0,000000	15,280000	3,340000	19,030000	0,000000	900,000000
0,000000	12,080000	3,340000	19,030000	0,000000	900,000000
0,000000	9,600000	3,340000	19,030000	0,000000	900,000000
0,000000	7,780000	3,340000	19,030000	0,000000	900,000000
0,000000	6,060000	3,340000	19,030000	0,000000	900,000000
0,000000	5,000000	3,340000	19,030000	0,000000	900,000000
0,000000	4,080000	3,340000	19,030000	0,000000	900,000000
0,000000	3,400000	3,340000	19,030000	0,000000	900,000000
0,000000	2,960000	3,340000	19,030000	0,000000	900,000000
0,000000	2,360000	3,340000	19,030000	0,000000	900,000000
0,000000	2,020000	3,340000	19,030000	0,000000	900,000000
0,000000	1,980000	3,340000	19,030000	0,000000	900,000000
0,000000	1,760000	3,340000	19,030000	0,000000	900,000000
0,000000	1,480000	3,340000	19,030000	0,000000	900,000000
0,000000	1,080000	3,340000	19,030000	0,000000	900,000000
0,000000	0,980000	3,340000	19,030000	0,000000	900,000000
0,000000	0,980000	3,340000	19,030000	0,000000	900,000000
0,000000	0,900000	3,340000	19,030000	0,000000	900,000000
0,000000	0,800000	3,340000	19,030000	0,000000	900,000000
0,000000	0,700000	3,340000	19,030000	0,000000	900,000000
0,000000	0,620000	3,340000	19,030000	0,000000	900,000000
0,000000	0,540000	3,340000	19,030000	0,000000	900,000000
0,000000	0,420000	3,340000	19,030000	0,000000	900,000000
0,000000	0,240000	3,340000	19,030000	0,000000	900,000000
0,000000	0,080000	3,340000	19,030000	0,000000	900,000000
0,000000	0,080000	3,340000	19,030000	0,000000	1384,000000
0,000000	0,160000	3,340000	19,030000	0,000000	1384,000000
0,000000	1,120000	3,340000	19,030000	0,000000	1384,000000
0,000000	1,500000	3,340000	19,030000	0,000000	1384,000000
0,000000	5,200000	3,340000	19,030000	0,000000	1384,000000
0,000000	18,960000	3,340000	19,030000	0,000000	1384,000000
0,000000	49,280000	3,340000	19,030000	0,000000	1384,000000
0,000000	56,680000	3,340000	19,030000	0,000000	1384,000000
0,000000	86,440000	3,340000	19,030000	0,000000	1384,000000
0,000000	117,520000	3,340000	19,030000	0,000000	1384,000000
0,000000	135,960000	3,340000	19,030000	0,000000	1384,000000
0,000000	160,300000	3,340000	19,030000	0,000000	1368,000000
0,000000	187,140000	3,340000	19,030000	0,000000	1368,000000
0,000000	200,800000	3,340000	19,030000	0,000000	1368,000000
0,000000	221,040000	3,340000	19,030000	0,000000	1368,000000
0,000000	228,720000	3,340000	19,030000	0,000000	1368,000000
0,000000	244,400000	3,340000	19,030000	0,000000	1368,000000
0,000000	244,400000	3,340000	19,030000	0,000000	1368,000000
0,000000	250,800000	3,340000	19,030000	0,000000	1368,000000
0,000000	262,680000	3,340000	19,030000	0,000000	1368,000000
0,000000	268,060000	3,340000	19,030000	0,000000	1368,000000
0,000000	278,360000	3,340000	19,030000	0,000000	1368,000000
0,000000	281,460000	3,340000	19,030000	0,000000	1368,000000
0,000000	289,420000	3,340000	19,030000	0,000000	1368,000000
0,000000	292,500000	3,340000	19,030000	0,000000	1368,000000
0,000000	298,160000	3,340000	19,030000	0,000000	1368,000000
0,000000	300,760000	3,340000	19,030000	0,000000	1368,000000
0,000000	305,600000	3,340000	19,030000	0,000000	1368,000000
0,000000	308,400000	3,340000	19,030000	0,000000	1368,000000
0,000000	311,960000	3,340000	19,030000	0,000000	1368,000000
0,000000	315,160000	3,340000	19,030000	0,000000	1368,000000
0,000000	317,160000	3,340000	19,030000	0,000000	1368,000000
0,000000	320,320000	3,340000	19,030000	0,000000	1368,000000
0,000000	321,080000	3,340000	19,030000	0,000000	1368,000000
0,000000	323,960000	3,340000	19,030000	0,000000	1368,000000
0,000000	324,960000	3,340000	19,030000	0,000000	1368,000000
0,000000	326,940000	3,340000	19,030000	0,000000	1368,000000
0,000000	327,800000	3,340000	19,030000	0,000000	1368,000000
0,000000	329,380000	3,340000	19,030000	0,000000	1368,000000
0,000000	330,480000	3,340000	19,030000	0,000000	1368,000000
0,000000	331,820000	3,340000	19,030000	0,000000	1368,000000
0,000000	332,320000	3,340000	19,030000	0,000000	1368,000000
0,000000	333,720000	3,340000	19,030000	0,000000	1368,000000
0,000000	334,760000	3,340000	19,030000	0,000000	1368,000000
0,000000	334,900000	3,340000	19,030000	0,000000	1368,000000
0,000000	336,140000	3,340000	19,030000	0,000000	1368,000000
0,000000	335,840000	3,340000	19,030000	0,000000	1368,000000
0,000000	335,840000	3,340000	19,030000	0,000000	1368,000000
0,000000	337,060000	3,340000	19,030000	0,000000	1368,000000
0,000000	337,800000	3,340000	19,030000	0,000000	1368,000000
0,000000	338,200000	3,340000	19,030000	0,000000	1368,000000
0,000000	339,220000	3,340000	19,030000	0,000000	1368,000000
0,000000	339,140000	3,340000	19,030000	0,000000	1368,000000
0,000000	339,840000	3,340000	19,030000	0,000000	1368,000000
0,000000	340,020000	3,340000	19,030000	0,000000	1368,000000
0,000000	340,380000	3,340000	19,030000	0,000000	1368,000000
0,000000	340,720000	3,340000	19,030000	0,000000	1368,000000
0,000000	341,100000	3,340000	19,030000	0,000000	1368,000000
0,000000	341,660000	3,340000	19,030000	0,000000	1368,000000
0,000000	341,680000	3,340000	19,030000	0,000000	1368,000000
0,000000	342,120000	3,340000	19,030000	0,000000	1368,000000
0,000000	342,260000	3,340000	19,030000	0,000000	1368,000000
0,000000	342,360000	3,340000	19,030000	0,000000	1368,000000
0,000000	343,140000	3,340000	19,030000	0,000000	1368,000000
0,000000	342,920000	3,340000	19,030000	0,000000	1368,000000
0,000000	343,140000	3,340000	19,030000	0,000000	1368,000000
0,000000	342,980000	3,340000	19,030000	0,000000	1368,000000
0,000000	343,480000	3,340000	19,030000	0,000000	1368,000000
0,000000	344,100000	3,340000	19,030000	0,000000	1368,000000
0,000000	343,900000	3,340000	19,030000	0,000000	1368,000000
0,000000	343,620000	3,340000	19,030000	0,000000	1368,000000
0,000000	343,600000	3,340000	19,030000	0,000000	1368,000000
0,000000	343,780000	3,340000	19,030000	0,000000	1368,000000
0,000000	343,980000	3,340000	19,030000	0,000000	1368,000000
0,000000	343,940000	3,340000	19,030000	0,000000	1301,000000
0,000000	343,540000	3,340000	19,030000	0,000000	1301,000000
0,000000	341,900000	3,340000	19,030000	0,000000	1301,000000
0,000000	339,240000	3,340000	19,030000	0,000000	1301,000000
0,000000	334,940000	3,340000	19,030000	0,000000	1301,000000
0,000000	334,940000	3,340000	19,030000	0,000000	1301,000000
0,000000	332,760000	3,340000	19,030000	0,000000	1301,000000
0,000000	329,480000	3,340000	19,030000	0,000000	1301,000000
0,000000	324,080000	3,340000	19,030000	0,000000	1301,000000
0,000000	321,240000	3,340000	19,030000	0,000000	1301,000000
0,000000	318,940000	3,340000	19,030000	0,000000	1301,000000
0,000000	315,680000	3,340000	19,030000	0,000000	1301,000000
0,000000	310,880000	3,340000	19,030000	0,000000	1301,000000
0,000000	308,020000	3,340000	19,030000	0,000000	1301,000000
0,000000	305,640000	3,340000	19,030000	0,000000	1301,000000
0,000000	302,860000	3,340000	19,030000	0,000000	1301,000000
0,000000	300,500000	3,340000	19,030000	0,000000	1301,000000
0,000000	296,760000	3,340000	19,030000	0,000000	1301,000000
0,000000	294,540000	3,340000	19,030000	0,000000	1301,000000
0,000000	293,020000	3,340000	19,030000	0,000000	1301,000000
0,000000	290,860000	3,340000	19,030000	0,000000	1301,000000
0,000000	289,480000	3,340000	19,030000	0,000000	1301,000000
0,000000	287,320000	3,340000	19,030000	0,000000	1301,000000
0,000000	285,800000	3,340000	19,030000	0,000000	1301,000000
0,000000	284,840000	3,340000	19,030000	0,000000	1301,000000
0,000000	284,040000	3,340000	19,030000	0,000000	1301,000000
0,000000	282,640000	3,340000	19,030000	0,000000	1301,000000
0,000000	281,020000	3,340000	19,030000	0,000000	1301,000000
0,000000	280,160000	3,340000	19,030000	0,000000	1301,000000
0,000000	279,860000	3,340000	19,030000	0,000000	1301,000000
0,000000	279,300000	3,340000	19,030000	0,000000	1301,000000
0,000000	278,480000	3,340000	19,030000	0,000000	1301,000000
0,000000	277,900000	3,340000	19,030000	0,000000	1301,000000
0,000000	276,540000	3,340000	19,030000	0,000000	1301,000000
0,000000	276,300000	3,340000	19,030000	0,000000	1301,000000
0,000000	276,000000	3,340000	19,030000	0,000000	1301,000000
0,000000	275,020000	3,340000	19,030000	0,000000	1301,000000
0,000000	275,020000	3,340000	19,030000	0,000000	1301,000000
0,000000	275,020000	3,340000	19,030000	0,000000	1301,000000
0,000000	274,240000	3,340000	19,030000	0,000000	1301,000000
0,000000	274,060000	3,340000	19,030000	0,000000	1301,000000
0,000000	273,900000	3,340000	19,030000	0,000000	1301,000000
0,000000	272,940000	3,340000	19,030000	0,000000	1301,000000
0,000000	273,160000	3,340000	19,030000	0,000000	1301,000000
0,000000	272,660000	3,340000	19,030000	0,000000	1301,000000
0,000000	271,720000	3,340000	19,030000	0,000000	1301,000000
0,000000	272,140000	3,340000	19,030000	0,000000	1301,000000
0,000000	271,900000	3,340000	19,030000	0,000000	1301,000000
0,000000	272,120000	3,340000	19,030000	0,000000	1301,000000
0,000000	271,380000	3,340000	19,030000	0,000000	1301,000000
0,000000	271,680000	3,340000	19,030000	0,000000	1301,000000
0,000000	270,940000	3,340000	19,030000	0,000000	1301,000000
0,000000	271,480000	3,340000	19,030000	0,000000	1301,000000
0,000000	270,880000	3,340000	19,030000	0,000000	1301,000000
0,000000	271,260000	3,340000	19,030000	0,000000	1301,000000
0,000000	270,960000	3,340000	19,030000	0,000000	1301,000000
0,000000	271,060000	3,340000	19,030000	0,000000	1301,000000
0,000000	270,940000	3,340000	19,030000	0,000000	1301,000000
0,000000	271,080000	3,340000	19,030000	0,000000	1301,000000
0,000000	270,900000	3,340000	19,030000	0,000000	1301,000000
0,000000	270,960000	3,340000	19,030000	0,000000	1301,000000
0,000000	270,700000	3,340000	19,030000	0,000000	1301,000000
0,000000	270,920000	3,340000	19,030000	0,000000	1314,000000
0,000000	271,000000	3,340000	19,030000	0,000000	1314,000000
0,000000	271,060000	3,340000	19,030000	0,000000	1314,000000
0,000000	271,280000	3,340000	19,030000	0,000000	1314,000000
0,000000	271,860000	3,340000	19,030000	0,000000	1314,000000
0,000000	272,600000	3,340000	19,030000	0,000000	1314,000000
0,000000	272,600000	3,340000	19,030000	0,000000	1314,000000
0,000000	273,680000	3,340000	19,030000	0,000000	1314,000000
0,000000	273,860000	3,340000	19,030000	0,000000	1314,000000
0,000000	275,100000	3,340000	19,030000	0,000000	1314,000000
0,000000	275,420000	3,340000	19,030000	0,000000	1314,000000
0,000000	276,360000	3,340000	19,030000	0,000000	1314,000000
0,000000	276,800000	3,340000	19,030000	0,000000	1314,000000
0,000000	277,200000	3,340000	19,030000	0,000000	1314,000000
0,000000	277,940000	3,340000	19,030000	0,000000	1314,000000
0,000000	277,700000	3,340000	19,030000	0,000000	1314,000000
0,000000	278,320000	3,340000	19,030000	0,000000	1314,000000
0,000000	279,120000	3,340000	19,030000	0,000000	1314,000000
0,000000	279,080000	3,340000	19,030000	0,000000	1314,000000
0,000000	279,560000	3,340000	19,030000	0,000000	1314,000000
0,000000	279,940000	3,340000	19,030000	0,000000	1314,000000
0,000000	280,100000	3,340000	19,030000	0,000000	1314,000000
0,000000	280,960000	3,340000	19,030000	0,000000	1314,000000
0,000000	281,040000	3,340000	19,030000	0,000000	1314,000000
0,000000	281,240000	3,340000	19,030000	0,000000	1314,000000
0,000000	281,920000	3,340000	19,030000	0,000000	1314,000000
0,000000	282,080000	3,340000	19,030000	0,000000	1314,000000
0,000000	281,880000	3,340000	19,030000	0,000000	1314,000000
0,000000	282,160000	3,340000	19,030000	0,000000	1314,000000
0,000000	283,220000	3,340000	19,030000	0,000000	1314,000000
0,000000	282,940000	3,340000	19,030000	0,000000	1314,000000
0,000000	282,800000	3,340000	19,030000	0,000000	1314,000000
0,000000	283,700000	3,340000	19,030000	0,000000	1314,000000
0,000000	284,120000	3,340000	19,030000	0,000000	1314,000000
0,000000	284,320000	3,340000	19,030000	0,000000	1314,000000
0,000000	284,340000	3,340000	19,030000	0,000000	1314,000000
0,000000	284,340000	3,340000	19,030000	0,000000	1314,000000
0,000000	284,860000	3,340000	19,030000	0,000000	1314,000000
0,000000	285,000000	3,340000	19,030000	0,000000	1314,000000
0,000000	285,480000	3,340000	19,030000	0,000000	1314,000000
0,000000	285,080000	3,340000	19,030000	0,000000	1314,000000
0,000000	285,560000	3,340000	19,030000	0,000000	1314,000000
0,000000	285,800000	3,340000	19,030000	0,000000	1314,000000
0,000000	286,060000	3,340000	19,030000	0,000000	1314,000000
0,000000	286,420000	3,340000	19,030000	0,000000	1314,000000
0,000000	285,860000	3,340000	19,030000	0,000000	1314,000000
0,000000	286,160000	3,340000	19,030000	0,000000	1314,000000
0,000000	285,880000	3,340000	19,030000	0,000000	1314,000000
0,000000	285,900000	3,340000	19,030000	0,000000	1314,000000
0,000000	285,580000	3,340000	19,030000	0,000000	1314,000000
0,000000	286,120000	3,340000	19,030000	0,000000	1314,000000
0,000000	286,420000	3,340000	19,030000	0,000000	1314,000000
0,000000	285,660000	3,340000	19,030000	0,000000	1314,000000
0,000000	285,860000	3,340000	19,030000	0,000000	1314,000000
0,000000	285,960000	3,340000	19,030000	0,000000	1314,000000
0,000000	285,960000	3,340000	19,030000	0,000000	1314,000000
0,000000	286,120000	3,340000	19,030000	0,000000	1314,000000
0,000000	285,940000	3,340000	19,030000	0,000000	1314,000000
0,000000	286,020000	3,340000	19,030000	0,000000	1314,000000
0,000000	286,440000	3,340000	19,030000	0,000000	1314,000000
0,000000	285,960000	3,340000	19,030000	0,000000	1314,000000
0,000000	286,640000	3,340000	19,030000	0,000000	1314,000000
0,000000	286,400000	3,340000	19,030000	0,000000	1314,000000
0,000000	286,320000	3,340000	19,030000	0,000000	1361,000000
0,000000	285,900000	3,340000	19,030000	0,000000	1361,000000
0,000000	287,620000	3,340000	19,030000	0,000000	1361,000000
0,000000	288,960000	3,340000	19,030000	0,000000	1361,000000
0,000000	291,020000	3,340000	19,030000	0,000000	1361,000000
0,000000	291,020000	3,340000	19,030000	0,000000	1361,000000
0,000000	293,320000	3,340000	19,030000	0,000000	1361,000000
0,000000	296,020000	3,340000	19,030000	0,000000	1361,000000
0,000000	298,680000	3,340000	19,030000	0,000000	1361,000000
0,000000	300,520000	3,340000	19,030000	0,000000	1361,000000
0,000000	303,800000	3,340000	19,030000	0,000000	1361,000000
0,000000	304,820000	3,340000	19,030000	0,000000	1361,000000
0,000000	308,260000	3,340000	19,030000	0,000000	1361,000000
0,000000	309,440000	3,340000	19,030000	0,000000	1361,000000
0,000000	312,520000	3,340000	19,030000	0,000000	1361,000000
0,000000	313,160000	3,340000	19,030000	0,000000	1361,000000
0,000000	316,020000	3,340000	19,030000	0,000000	1361,000000
0,000000	317,100000	3,340000	19,030000	0,000000	1361,000000
0,000000	319,360000	3,340000	19,030000	0,000000	1361,000000
0,000000	319,980000	3,340000	19,030000	0,000000	1361,000000
0,000000	321,920000	3,340000	19,030000	0,000000	1361,000000
0,000000	322,280000	3,340000	19,030000	0,000000	1361,000000
0,000000	324,760000	3,340000	19,030000	0,000000	1361,000000
0,000000	324,760000	3,340000	19,030000	0,000000	1361,000000
0,000000	326,460000	3,340000	19,030000	0,000000	1361,000000
0,000000	327,140000	3,340000	19,030000	0,000000	1361,000000
0,000000	328,240000	3,340000	19,030000	0,000000	1361,000000
0,000000	328,320000	3,340000	19,030000	0,000000	1361,000000
0,000000	329,640000	3,340000	19,030000	0,000000	1361,000000
0,000000	330,120000	3,340000	19,030000	0,000000	1361,000000
0,000000	330,780000	3,340000	19,030000	0,000000	1361,000000
0,000000	330,900000	3,340000	19,030000	0,000000	1361,000000
0,000000	331,140000	3,340000	19,030000	0,000000	1361,000000
0,000000	331,820000	3,340000	19,030000	0,000000	1361,000000
0,000000	332,260000	3,340000	19,030000	0,000000	1361,000000
0,000000	332,960000	3,340000	19,030000	0,000000	1361,000000
0,000000	333,080000	3,340000	19,030000	0,000000	1361,000000
0,000000	333,080000	3,340000	19,030000	0,000000	1361,000000
0,000000	333,420000	3,340000	19,030000	0,000000	1361,000000
0,000000	333,600000	3,340000	19,030000	0,000000	1361,000000
0,000000	334,040000	3,340000	19,030000	0,000000	1361,000000
0,000000	334,240000	3,340000	19,030000	0,000000	1361,000000
0,000000	333,900000	3,340000	19,030000	0,000000	1361,000000
0,000000	334,520000	3,340000	19,030000	0,000000	1361,000000
0,000000	334,520000	3,340000	19,030000	0,000000	1361,000000
0,000000	334,560000	3,340000	19,030000	0,000000	1361,000000
0,000000	334,780000	3,340000	19,030000	0,000000	1361,000000
0,000000	334,760000	3,340000	19,030000	0,000000	1361,000000
0,000000	334,560000	3,340000	19,030000	0,000000	1361,000000
0,000000	334,860000	3,340000	19,030000	0,000000	1361,000000
0,000000	335,100000	3,340000	19,030000	0,000000	1361,000000
0,000000	334,980000	3,340000	19,030000	0,000000	1361,000000
0,000000	335,560000	3,340000	19,030000	0,000000	1361,000000
0,000000	335,700000	3,340000	19,030000	0,000000	1361,000000
0,000000	335,880000	3,340000	19,030000	0,000000	1361,000000
0,000000	335,920000	3,340000	19,030000	0,000000	1361,000000
0,000000	336,240000	3,340000	19,030000	0,000000	1361,000000
0,000000	336,340000	3,340000	19,030000	0,000000	1361,000000
0,000000	336,680000	3,340000	19,030000	0,000000	1361,000000
0,000000	336,700000	3,340000	19,030000	0,000000	1361,000000
0,000000	336,640000	3,340000	19,030000	0,000000	1361,000000
0,000000	337,080000	3,340000	19,030000	0,000000	1361,000000
0,000000	336,880000	3,340000	19,030000	0,000000	1322,000000
0,000000	337,000000	3,340000	19,030000	0,000000	1322,000000
0,000000	335,900000	3,340000	19,030000	0,000000	1322,000000
0,000000	333,600000	3,340000	19,030000	0,000000	1322,000000
0,000000	332,400000	3,340000	19,030000	0,000000	1322,000000
0,000000	331,180000	3,340000	19,030000	0,000000	1322,000000
0,000000	331,180000	3,340000	19,030000	0,000000	1322,000000
0,000000	328,380000	3,340000	19,030000	0,000000	1322,000000
0,000000	326,580000	3,340000	19,030000	0,000000	1322,000000
0,000000	323,740000	3,340000	19,030000	0,000000	1322,000000
0,000000	321,440000	3,340000	19,030000	0,000000	1322,000000
0,000000	320,120000	3,340000	19,030000	0,000000	1322,000000
0,000000	318,280000	3,340000	19,030000	0,000000	1322,000000
0,000000	315,400000	3,340000	19,030000	0,000000	1322,000000
0,000000	313,880000	3,340000	19,030000	0,000000	1322,000000
0,000000	312,220000	3,340000	19,030000	0,000000	1322,000000
0,000000	309,900000	3,340000	19,030000	0,000000	1322,000000
0,000000	308,960000	3,340000	19,030000	0,000000	1322,000000
0,000000	307,980000	3,340000	19,030000	0,000000	1322,000000
0,000000	306,000000	3,340000	19,030000	0,000000	1322,000000
0,000000	305,560000	3,340000	19,030000	0,000000	1322,000000
0,000000	304,680000	3,340000	19,030000	0,000000	1322,000000
0,000000	303,700000	3,340000	19,030000	0,000000	1322,000000
0,000000	302,180000	3,340000	19,030000	0,000000	1322,000000
0,000000	301,560000	3,340000	19,030000	0,000000	1322,000000
0,000000	300,560000	3,340000	19,030000	0,000000	1322,000000
0,000000	299,460000	3,340000	19,030000	0,000000	1322,000000
0,000000	299,140000	3,340000	19,030000	0,000000	1322,000000
0,000000	299,120000	3,340000	19,030000	0,000000	1322,000000
0,000000	298,100000	3,340000	19,030000	0,000000	1322,000000
0,000000	297,720000	3,340000	19,030000	0,000000	1322,000000
0,000000	296,980000	3,340000	19,030000	0,000000	1322,000000
0,000000	297,400000	3,340000	19,030000	0,000000	1322,000000
0,000000	296,060000	3,340000	19,030000	0,000000	1322,000000
0,000000	296,100000	3,340000	19,030000	0,000000	1322,000000
0,000000	295,860000	3,340000	19,030000	0,000000	1322,000000
0,000000	295,860000	3,340000	19,030000	0,000000	1322,000000
0,000000	295,060000	3,340000	19,030000	0,000000	1322,000000
0,000000	294,980000	3,340000	19,030000	0,000000	1322,000000
0,000000	295,040000	3,340000	19,030000	0,000000	1322,000000
0,000000	294,880000	3,340000	19,030000	0,000000	1322,000000
0,000000	294,520000	3,340000	19,030000	0,000000	1322,000000
0,000000	293,880000	3,340000	19,030000	0,000000	1322,000000
0,000000	294,100000	3,340000	19,030000	0,000000	1322,000000
0,000000	293,820000	3,340000	19,030000	0,000000	1322,000000
0,000000	293,540000	3,340000	19,030000	0,000000	1322,000000
0,000000	293,980000	3,340000	19,030000	0,000000	1322,000000
0,000000	293,380000	3,340000	19,030000	0,000000	1322,000000
0,000000	293,040000	3,340000	19,030000	0,000000	1322,000000
0,000000	292,460000	3,340000	19,030000	0,000000	1322,000000
0,000000	292,980000	3,340000	19,030000	0,000000	1322,000000
0,000000	293,080000	3,340000	19,030000	0,000000	1322,000000
0,000000	293,080000	3,340000	19,030000	0,000000	1322,000000
0,000000	293,060000	3,340000	19,030000	0,000000	1322,000000
0,000000	293,100000	3,340000	19,030000	0,000000	1322,000000
0,000000	293,160000	3,340000	19,030000	0,000000	1322,000000
0,000000	293,180000	3,340000	19,030000	0,000000	1322,000000
0,000000	293,020000	3,340000	19,030000	0,000000	1322,000000
0,000000	292,940000	3,340000	19,030000	0,000000	1322,000000
0,000000	292,880000	3,340000	19,030000	0,000000	1322,000000
0,000000	292,840000	3,340000	19,030000	0,000000	1322,000000
0,000000	292,840000	3,340000	19,030000	0,000000	1381,000000
0,000000	293,100000	3,340000	19,030000	0,000000	1381,000000
0,000000	294,580000	3,340000	19,030000	0,000000	1381,000000
0,000000	298,020000	3,340000	19,030000	0,000000	1381,000000
0,000000	299,880000	3,340000	19,030000	0,000000	1381,000000
0,000000	303,060000	3,340000	19,030000	0,000000	1381,000000
0,000000	306,380000	3,340000	19,030000	0,000000	1381,000000
0,000000	306,380000	3,340000	19,030000	0,000000	1381,000000
0,000000	310,500000	3,340000	19,030000	0,000000	1381,000000
0,000000	313,580000	3,340000	19,030000	0,000000	1381,000000
0,000000	318,340000	3,340000	19,030000	0,000000	1381,000000
0,000000	319,640000	3,340000	19,030000	0,000000	1381,000000
0,000000	324,280000	3,340000	19,030000	0,000000	1381,000000
0,000000	325,700000	3,340000	19,030000	0,000000	1381,000000
0,000000	329,560000	3,340000	19,030000	0,000000	1381,000000
0,000000	332,620000	3,340000	19,030000	0,000000	1381,000000
0,000000	334,320000	3,340000	19,030000	0,000000	1381,000000
0,000000	337,260000	3,340000	19,030000	0,000000	1381,000000
0,000000	338,620000	3,340000	19,030000	0,000000	1381,000000
0,000000	340,960000	3,340000	19,030000	0,000000	1381,000000
0,000000	342,080000	3,340000	19,030000	0,000000	1381,000000
0,000000	343,920000	3,340000	19,030000	0,000000	1381,000000
0,000000	346,840000	3,340000	19,030000	0,000000	1381,000000
0,000000	346,820000	3,340000	19,030000	0,000000	1381,000000
0,000000	348,640000	3,340000	19,030000	0,000000	1381,000000
0,000000	349,760000	3,340000	19,030000	0,000000	1381,000000
0,000000	350,400000	3,340000	19,030000	0,000000	1381,000000
0,000000	352,000000	3,340000	19,030000	0,000000	1381,000000
0,000000	351,820000	3,340000	19,030000	0,000000	1381,000000
0,000000	353,020000	3,340000	19,030000	0,000000	1381,000000
0,000000	353,040000	3,340000	19,030000	0,000000	1381,000000
0,000000	354,020000	3,340000	19,030000	0,000000	1381,000000
0,000000	354,780000	3,340000	19,030000	0,000000	1381,000000
0,000000	355,040000	3,340000	19,030000	0,000000	1381,000000
0,000000	355,260000	3,340000	19,030000	0,000000	1381,000000
0,000000	355,800000	3,340000	19,030000	0,000000	1381,000000
0,000000	356,280000	3,340000	19,030000	0,000000	1381,000000
0,000000	356,280000	3,340000	19,030000	0,000000	1381,000000
0,000000	356,880000	3,340000	19,030000	0,000000	1381,000000
0,000000	357,040000	3,340000	19,030000	0,000000	1381,000000
0,000000	357,300000	3,340000	19,030000	0,000000	1381,000000
0,000000	357,960000	3,340000	19,030000	0,000000	1381,000000
0,000000	357,760000	3,340000	19,030000	0,000000	1381,000000
0,000000	358,380000	3,340000	19,030000	0,000000	1381,000000
0,000000	358,960000	3,340000	19,030000	0,000000	1381,000000
0,000000	358,580000	3,340000	19,030000	0,000000	1381,000000
0,000000	358,720000	3,340000	19,030000	0,000000	1381,000000
0,000000	358,960000	3,340000	19,030000	0,000000	1381,000000
0,000000	358,860000	3,340000	19,030000	0,000000	1381,000000
0,000000	358,880000	3,340000	19,030000	0,000000	1381,000000
0,000000	358,780000	3,340000	19,030000	0,000000	1381,000000
0,000000	358,820000	3,340000	19,030000	0,000000	1381,000000
0,000000	358,760000	3,340000	19,030000	0,000000	1381,000000
0,000000	358,780000	3,340000	19,030000	0,000000	1381,000000
0,000000	358,960000	3,340000	19,030000	0,000000	1381,000000
0,000000	359,060000	3,340000	19,030000	0,000000	1381,000000
0,000000	359,100000	3,340000	19,030000	0,000000	1381,000000
0,000000	359,140000	3,340000	19,030000	0,000000	1381,000000
0,000000	359,200000	3,340000	19,030000	0,000000	1381,000000
0,000000	359,540000	3,340000	19,030000	0,000000	1381,000000
0,000000	359,580000	3,340000	19,030000	0,000000	1381,000000
0,000000	359,520000	3,340000	19,030000	0,000000	1381,000000
0,000000	359,580000	3,340000	19,030000	0,000000	1381,000000
0,000000	360,040000	3,340000	19,030000	0,000000	1381,000000
0,000000	359,320000	3,340000	19,030000	0,000000	1381,000000
0,000000	360,340000	3,340000	19,030000	0,000000	1381,000000
0,000000	360,060000	3,340000	19,030000	0,000000	1381,000000
0,000000	360,240000	3,340000	19,030000	0,000000	1381,000000
0,000000	360,560000	3,340000	19,030000	0,000000	1381,000000
0,000000	360,560000	3,340000	19,030000	0,000000	1381,000000
0,000000	360,960000	3,340000	19,030000	0,000000	1381,000000
0,000000	361,280000	3,340000	19,030000	0,000000	1381,000000
0,000000	361,100000	3,340000	19,030000	0,000000	1381,000000
0,000000	360,920000	3,340000	19,030000	0,000000	1381,000000
0,000000	361,160000	3,340000	19,030000	0,000000	1381,000000
0,000000	360,620000	3,340000	19,030000	0,000000	1381,000000
0,000000	361,300000	3,340000	19,030000	0,000000	1381,000000
0,000000	360,760000	3,340000	19,030000	0,000000	1381,000000
0,000000	360,260000	3,340000	19,030000	0,000000	1381,000000
0,000000	359,920000	3,340000	19,030000	0,000000	1381,000000
0,000000	360,100000	3,340000	19,030000	0,000000	1381,000000
0,000000	360,440000	3,340000	19,030000	0,000000	1381,000000
0,000000	360,880000	3,340000	19,030000	0,000000	1381,000000
0,000000	359,740000	3,340000	19,030000	0,000000	1381,000000
0,000000	359,840000	3,340000	19,030000	0,000000	1381,000000
0,000000	360,540000	3,340000	19,030000	0,000000	1381,000000
0,000000	360,420000	3,340000	19,030000	0,000000	1381,000000
0,000000	360,240000	3,340000	19,030000	0,000000	1381,000000
0,000000	360,620000	3,340000	19,030000	0,000000	1381,000000
0,000000	361,000000	3,340000	19,030000	0,000000	1381,000000
0,000000	360,900000	3,340000	19,030000	0,000000	1381,000000
0,000000	360,300000	3,340000	19,030000	0,000000	1381,000000
0,000000	360,780000	3,340000	19,030000	0,000000	1381,000000
0,000000	361,580000	3,340000	19,030000	0,000000	1381,000000
0,000000	361,600000	3,340000	19,030000	0,000000	1381,000000
0,000000	361,080000	3,340000	19,030000	0,000000	1381,000000
0,000000	360,960000	3,340000	19,030000	0,000000	1381,000000
0,000000	361,300000	3,340000	19,030000	0,000000	1381,000000
0,000000	361,300000	3,340000	19,030000	0,000000	1381,000000
0,000000	361,300000	3,340000	19,030000	0,000000	1381,000000
0,000000	361,440000	3,340000	19,030000	0,000000	1381,000000
0,000000	362,220000	3,340000	19,030000	0,000000	1381,000000
0,000000	361,940000	3,340000	19,030000	0,000000	1381,000000
0,000000	361,860000	3,340000	19,030000	0,000000	1381,000000
0,000000	361,760000	3,340000	19,030000	0,000000	1381,000000
0,000000	363,060000	3,340000	19,030000	0,000000	1381,000000
0,000000	363,020000	3,340000	19,030000	0,000000	1381,000000
0,000000	363,020000	3,340000	19,030000	0,000000	1381,000000
0,000000	363,060000	3,340000	19,030000	0,000000	1381,000000
0,000000	363,200000	3,340000	19,030000	0,000000	1381,000000
0,000000	363,620000	3,340000	19,030000	0,000000	1381,000000
0,000000	363,800000	3,340000	19,030000	0,000000	1381,000000
0,000000	363,100000	3,340000	19,030000	0,000000	1381,000000
0,000000	363,280000	3,340000	19,030000	0,000000	1381,000000
0,000000	363,060000	3,340000	19,030000	0,000000	1381,000000
0,000000	362,860000	3,340000	19,030000	0,000000	1381,000000
0,000000	362,840000	3,340000	19,030000	0,000000	1381,000000
0,000000	362,660000	3,340000	19,030000	0,000000	1381,000000
0,000000	362,900000	3,340000	19,030000	0,000000	1381,000000
0,000000	362,960000	3,340000	19,030000	0,000000	1381,000000
0,000000	362,740000	3,340000	19,030000	0,000000	1381,000000
0,000000	362,920000	3,340000	19,030000	0,000000	1322,000000
0,000000	362,380000	3,340000	19,030000	0,000000	1322,000000
0,000000	359,720000	3,340000	19,030000	0,000000	1322,000000
0,000000	356,940000	3,340000	19,030000	0,000000	1322,000000
0,000000	352,920000	3,340000	19,030000	0,000000	1322,000000
0,000000	348,960000	3,340000	19,030000	0,000000	1322,000000
0,000000	345,080000	3,340000	19,030000	0,000000	1322,000000
0,000000	339,640000	3,340000	19,030000	0,000000	1322,000000
0,000000	339,640000	3,340000	19,030000	0,000000	1322,000000
0,000000	336,740000	3,340000	19,030000	0,000000	1322,000000
0,000000	333,920000	3,340000	19,030000	0,000000	1322,000000
0,000000	329,020000	3,340000	19,030000	0,000000	1322,000000
0,000000	326,980000	3,340000	19,030000	0,000000	1322,000000
0,000000	324,640000	3,340000	19,030000	0,000000	1322,000000
0,000000	321,920000	3,340000	19,030000	0,000000	1322,000000
0,000000	319,320000	3,340000	19,030000	0,000000	1322,000000
0,000000	317,500000	3,340000	19,030000	0,000000	1322,000000
0,000000	315,980000	3,340000	19,030000	0,000000	1322,000000
0,000000	312,900000	3,340000	19,030000	0,000000	1322,000000
0,000000	311,540000	3,340000	19,030000	0,000000	1322,000000
0,000000	309,720000	3,340000	19,030000	0,000000	1322,000000
0,000000	308,240000	3,340000	19,030000	0,000000	1322,000000
0,000000	306,780000	3,340000	19,030000	0,000000	1322,000000
0,000000	306,120000	3,340000	19,030000	0,000000	1322,000000
0,000000	304,840000	3,340000	19,030000	0,000000	1322,000000
0,000000	303,520000	3,340000	19,030000	0,000000	1322,000000
0,000000	303,100000	3,340000	19,030000	0,000000	1322,000000
0,000000	302,480000	3,340000	19,030000	0,000000	1322,000000
0,000000	301,600000	3,340000	19,030000	0,000000	1322,000000
0,000000	301,000000	3,340000	19,030000	0,000000	1322,000000
0,000000	300,220000	3,340000	19,030000	0,000000	1322,000000
0,000000	299,660000	3,340000	19,030000	0,000000	1322,000000
0,000000	298,400000	3,340000	19,030000	0,000000	1322,000000
0,000000	298,900000	3,340000	19,030000	0,000000	1322,000000
0,000000	297,940000	3,340000	19,030000	0,000000	1322,000000
0,000000	297,480000	3,340000	19,030000	0,000000	1322,000000
0,000000	297,160000	3,340000	19,030000	0,000000	1322,000000
0,000000	296,960000	3,340000	19,030000	0,000000	1322,000000
0,000000	296,580000	3,340000	19,030000	0,000000	1322,000000
0,000000	295,320000	3,340000	19,030000	0,000000	1322,000000
0,000000	295,320000	3,340000	19,030000	0,000000	1322,000000
0,000000	296,000000	3,340000	19,030000	0,000000	1322,000000
0,000000	296,140000	3,340000	19,030000	0,000000	1322,000000
0,000000	295,620000	3,340000	19,030000	0,000000	1322,000000
0,000000	295,180000	3,340000	19,030000	0,000000	1322,000000
0,000000	295,140000	3,340000	19,030000	0,000000	1322,000000
0,000000	294,940000	3,340000	19,030000	0,000000	1322,000000
0,000000	294,500000	3,340000	19,030000	0,000000	1322,000000
0,000000	295,420000	3,340000	19,030000	0,000000	1322,000000
0,000000	294,860000	3,340000	19,030000	0,000000	1322,000000
0,000000	294,160000	3,340000	19,030000	0,000000	1322,000000
0,000000	294,180000	3,340000	19,030000	0,000000	1322,000000
0,000000	293,920000	3,340000	19,030000	0,000000	1322,000000
0,000000	293,880000	3,340000	19,030000	0,000000	1322,000000
0,000000	293,880000	3,340000	19,030000	0,000000	1322,000000
0,000000	293,500000	3,340000	19,030000	0,000000	1322,000000
0,000000	293,220000	3,340000	19,030000	0,000000	1322,000000
0,000000	293,040000	3,340000	19,030000	0,000000	1322,000000
0,000000	293,160000	3,340000	19,030000	0,000000	1322,000000
0,000000	293,060000	3,340000	19,030000	0,000000	1322,000000
0,000000	292,920000	3,340000	19,030000	0,000000	1302,000000
0,000000	292,860000	3,340000	19,030000	0,000000	1302,000000
0,000000	292,200000	3,340000	19,030000	0,000000	1302,000000
0,000000	291,560000	3,340000	19,030000	0,000000	1302,000000
0,000000	290,860000	3,340000	19,030000	0,000000	1302,000000
0,000000	288,840000	3,340000	19,030000	0,000000	1302,000000
0,000000	288,740000	3,340000	19,030000	0,000000	1302,000000
0,000000	287,300000	3,340000	19,030000	0,000000	1302,000000
0,000000	286,400000	3,340000	19,030000	0,000000	1302,000000
0,000000	285,020000	3,340000	19,030000	0,000000	1302,000000
0,000000	283,460000	3,340000	19,030000	0,000000	1302,000000
0,000000	283,460000	3,340000	19,030000	0,000000	1302,000000
0,000000	283,040000	3,340000	19,030000	0,000000	1302,000000
0,000000	282,020000	3,340000	19,030000	0,000000	1302,000000
0,000000	281,280000	3,340000	19,030000	0,000000	1302,000000
0,000000	279,980000	3,340000	19,030000	0,000000	1302,000000
0,000000	279,240000	3,340000	19,030000	0,000000	1302,000000
0,000000	278,940000	3,340000	19,030000	0,000000	1302,000000
0,000000	278,060000	3,340000	19,030000	0,000000	1302,000000
0,000000	277,140000	3,340000	19,030000	0,000000	1302,000000
0,000000	276,600000	3,340000	19,030000	0,000000	1302,000000
0,000000	276,160000	3,340000	19,030000	0,000000	1302,000000
0,000000	275,500000	3,340000	19,030000	0,000000	1302,000000
0,000000	274,580000	3,340000	19,030000	0,000000	1302,000000
0,000000	274,540000	3,340000	19,030000	0,000000	1302,000000
0,000000	274,160000	3,340000	19,030000	0,000000	1302,000000
0,000000	274,040000	3,340000	19,030000	0,000000	1302,000000
0,000000	273,260000	3,340000	19,030000	0,000000	1302,000000
0,000000	273,080000	3,340000	19,030000	0,000000	1302,000000
0,000000	272,880000	3,340000	19,030000	0,000000	1302,000000
0,000000	272,680000	3,340000	19,030000	0,000000	1302,000000
0,000000	271,880000	3,340000	19,030000	0,000000	1302,000000
0,000000	271,980000	3,340000	19,030000	0,000000	1302,000000
0,000000	271,940000	3,340000	19,030000	0,000000	1302,000000
0,000000	271,620000	3,340000	19,030000	0,000000	1302,000000
0,000000	271,020000	3,340000	19,030000	0,000000	1302,000000
0,000000	270,440000	3,340000	19,030000	0,000000	1302,000000
0,000000	270,560000	3,340000	19,030000	0,000000	1302,000000
0,000000	270,200000	3,340000	19,030000	0,000000	1302,000000
0,000000	270,440000	3,340000	19,030000	0,000000	1302,000000
0,000000	270,140000	3,340000	19,030000	0,000000	1302,000000
0,000000	270,120000	3,340000	19,030000	0,000000	1302,000000
0,000000	269,780000	3,340000	19,030000	0,000000	1302,000000
0,000000	269,780000	3,340000	19,030000	0,000000	1302,000000
0,000000	269,720000	3,340000	19,030000	0,000000	1302,000000
0,000000	270,580000	3,340000	19,030000	0,000000	1302,000000
0,000000	270,480000	3,340000	19,030000	0,000000	1302,000000
0,000000	270,120000	3,340000	19,030000	0,000000	1302,000000
0,000000	270,060000	3,340000	19,030000	0,000000	1302,000000
0,000000	270,080000	3,340000	19,030000	0,000000	1302,000000
0,000000	269,900000	3,340000	19,030000	0,000000	1302,000000
0,000000	270,180000	3,340000	19,030000	0,000000	1302,000000
0,000000	270,280000	3,340000	19,030000	0,000000	1302,000000
0,000000	269,980000	3,340000	19,030000	0,000000	1302,000000
0,000000	270,280000	3,340000	19,030000	0,000000	1302,000000
0,000000	270,040000	3,340000	19,030000	0,000000	1302,000000
0,000000	270,280000	3,340000	19,030000	0,000000	1302,000000
0,000000	270,040000	3,340000	19,030000	0,000000	1302,000000
0,000000	270,760000	3,340000	19,030000	0,000000	1302,000000
0,000000	270,120000	3,340000	19,030000	0,000000	1302,000000
0,000000	270,880000	3,340000	19,030000	0,000000	1305,000000
0,000000	271,040000	3,340000	19,030000	0,000000	1305,000000
0,000000	270,820000	3,340000	19,030000	0,000000	1305,000000
0,000000	270,380000	3,340000	19,030000	0,000000	1305,000000
0,000000	271,100000	3,340000	19,030000	0,000000	1305,000000
0,000000	270,900000	3,340000	19,030000	0,000000	1305,000000
0,000000	271,600000	3,340000	19,030000	0,000000	1305,000000
0,000000	271,440000	3,340000	19,030000	0,000000	1305,000000
0,000000	271,580000	3,340000	19,030000	0,000000	1305,000000
0,000000	272,040000	3,340000	19,030000	0,000000	1305,000000
0,000000	272,120000	3,340000	19,030000	0,000000	1305,000000
0,000000	271,960000	3,340000	19,030000	0,000000	1305,000000
0,000000	272,180000	3,340000	19,030000	0,000000	1305,000000
0,000000	272,480000	3,340000	19,030000	0,000000	1305,000000
0,000000	272,220000	3,340000	19,030000	0,000000	1305,000000
0,000000	272,660000	3,340000	19,030000	0,000000	1305,000000
0,000000	272,660000	3,340000	19,030000	0,000000	1305,000000
0,000000	273,200000	3,340000	19,030000	0,000000	1305,000000
0,000000	273,140000	3,340000	19,030000	0,000000	1305,000000
0,000000	273,100000	3,340000	19,030000	0,000000	1305,000000
0,000000	273,300000	3,340000	19,030000	0,000000	1305,000000
0,000000	273,840000	3,340000	19,030000	0,000000	1305,000000
0,000000	273,560000	3,340000	19,030000	0,000000	1305,000000
0,000000	273,540000	3,340000	19,030000	0,000000	1305,000000
0,000000	273,700000	3,340000	19,030000	0,000000	1305,000000
0,000000	273,560000	3,340000	19,030000	0,000000	1305,000000
0,000000	273,840000	3,340000	19,030000	0,000000	1305,000000
0,000000	273,860000	3,340000	19,030000	0,000000	1305,000000
0,000000	274,060000	3,340000	19,030000	0,000000	1305,000000
0,000000	274,140000	3,340000	19,030000	0,000000	1305,000000
0,000000	274,120000	3,340000	19,030000	0,000000	1305,000000
0,000000	274,660000	3,340000	19,030000	0,000000	1305,000000
0,000000	274,060000	3,340000	19,030000	0,000000	1305,000000
0,000000	273,860000	3,340000	19,030000	0,000000	1305,000000
0,000000	274,180000	3,340000	19,030000	0,000000	1305,000000
0,000000	274,260000	3,340000	19,030000	0,000000	1305,000000
0,000000	274,040000	3,340000	19,030000	0,000000	1305,000000
0,000000	274,260000	3,340000	19,030000	0,000000	1305,000000
0,000000	273,840000	3,340000	19,030000	0,000000	1305,000000
0,000000	274,560000	3,340000	19,030000	0,000000	1305,000000
0,000000	274,280000	3,340000	19,030000	0,000000	1305,000000
0,000000	274,880000	3,340000	19,030000	0,000000	1305,000000
0,000000	274,700000	3,340000	19,030000	0,000000	1305,000000
0,000000	275,100000	3,340000	19,030000	0,000000	1305,000000
0,000000	274,860000	3,340000	19,030000	0,000000	1305,000000
0,000000	275,020000	3,340000	19,030000	0,000000	1305,000000
0,000000	275,020000	3,340000	19,030000	0,000000	1305,000000
0,000000	275,200000	3,340000	19,030000	0,000000	1305,000000
0,000000	275,020000	3,340000	19,030000	0,000000	1305,000000
0,000000	275,140000	3,340000	19,030000	0,000000	1305,000000
0,000000	275,220000	3,340000	19,030000	0,000000	1305,000000
0,000000	274,920000	3,340000	19,030000	0,000000	1305,000000
0,000000	274,520000	3,340000	19,030000	0,000000	1305,000000
0,000000	275,160000	3,340000	19,030000	0,000000	1305,000000
0,000000	274,740000	3,340000	19,030000	0,000000	1305,000000
0,000000	274,240000	3,340000	19,030000	0,000000	1305,000000
0,000000	274,260000	3,340000	19,030000	0,000000	1305,000000
0,000000	273,800000	3,340000	19,030000	0,000000	1305,000000
0,000000	273,720000	3,340000	19,030000	0,000000	1305,000000
0,000000	272,880000	3,340000	19,030000	0,000000	1305,000000
0,000000	273,360000	3,340000	19,030000	0,000000	1315,000000
0,000000	273,020000	3,340000	19,030000	0,000000	1315,000000
0,000000	273,340000	3,340000	19,030000	0,000000	1315,000000
0,000000	273,420000	3,340000	19,030000	0,000000	1315,000000
0,000000	273,880000	3,340000	19,030000	0,000000	1315,000000
0,000000	274,320000	3,340000	19,030000	0,000000	1315,000000
0,000000	275,440000	3,340000	19,030000	0,000000	1315,000000
0,000000	275,740000	3,340000	19,030000	0,000000	1315,000000
0,000000	276,560000	3,340000	19,030000	0,000000	1315,000000
0,000000	276,880000	3,340000	19,030000	0,000000	1315,000000
0,000000	277,660000	3,340000	19,030000	0,000000	1315,000000
0,000000	278,120000	3,340000	19,030000	0,000000	1315,000000
0,000000	278,580000	3,340000	19,030000	0,000000	1315,000000
0,000000	278,980000	3,340000	19,030000	0,000000	1315,000000
0,000000	279,820000	3,340000	19,030000	0,000000	1315,000000
0,000000	280,220000	3,340000	19,030000	0,000000	1315,000000
0,000000	280,560000	3,340000	19,030000	0,000000	1315,000000
0,000000	280,960000	3,340000	19,030000	0,000000	1315,000000
0,000000	280,960000	3,340000	19,030000	0,000000	1315,000000
0,000000	281,720000	3,340000	19,030000	0,000000	1315,000000
0,000000	281,800000	3,340000	19,030000	0,000000	1315,000000
0,000000	282,580000	3,340000	19,030000	0,000000	1315,000000
0,000000	283,020000	3,340000	19,030000	0,000000	1315,000000
0,000000	282,780000	3,340000	19,030000	0,000000	1315,000000
0,000000	283,900000	3,340000	19,030000	0,000000	1315,000000
0,000000	283,640000	3,340000	19,030000	0,000000	1315,000000
0,000000	284,100000	3,340000	19,030000	0,000000	1315,000000
0,000000	284,080000	3,340000	19,030000	0,000000	1315,000000
0,000000	283,980000	3,340000	19,030000	0,000000	1315,000000
0,000000	284,120000	3,340000	19,030000	0,000000	1315,000000
0,000000	283,700000	3,340000	19,030000	0,000000	1315,000000
0,000000	283,980000	3,340000	19,030000	0,000000	1315,000000
0,000000	284,180000	3,340000	19,030000	0,000000	1315,000000
0,000000	284,320000	3,340000	19,030000	0,000000	1315,000000
0,000000	284,320000	3,340000	19,030000	0,000000	1315,000000
0,000000	284,060000	3,340000	19,030000	0,000000	1315,000000
0,000000	284,240000	3,340000	19,030000	0,000000	1315,000000
0,000000	284,180000	3,340000	19,030000	0,000000	1315,000000
0,000000	284,380000	3,340000	19,030000	0,000000	1315,000000
0,000000	284,580000	3,340000	19,030000	0,000000	1315,000000
0,000000	284,040000	3,340000	19,030000	0,000000	1315,000000
0,000000	284,100000	3,340000	19,030000	0,000000	1315,000000
0,000000	284,240000	3,340000	19,030000	0,000000	1315,000000
0,000000	284,540000	3,340000	19,030000	0,000000	1315,000000
0,000000	284,480000	3,340000	19,030000	0,000000	1315,000000
0,000000	284,040000	3,340000	19,030000	0,000000	1315,000000
0,000000	284,240000	3,340000	19,030000	0,000000	1315,000000
0,000000	284,580000	3,340000	19,030000	0,000000	1315,000000
0,000000	284,780000	3,340000	19,030000	0,000000	1315,000000
0,000000	284,780000	3,340000	19,030000	0,000000	1315,000000
0,000000	285,080000	3,340000	19,030000	0,000000	1315,000000
0,000000	285,040000	3,340000	19,030000	0,000000	1315,000000
0,000000	285,280000	3,340000	19,030000	0,000000	1315,000000
0,000000	285,460000	3,340000	19,030000	0,000000	1315,000000
0,000000	285,300000	3,340000	19,030000	0,000000	1315,000000
0,000000	285,900000	3,340000	19,030000	0,000000	1315,000000
0,000000	285,720000	3,340000	19,030000	0,000000	1315,000000
0,000000	285,400000	3,340000	19,030000	0,000000	1315,000000
0,000000	285,640000	3,340000	19,030000	0,000000	1315,000000
0,000000	285,480000	3,340000	19,030000	0,000000	1315,000000
0,000000	285,660000	3,340000	19,030000	0,000000	1315,000000
0,000000	285,580000	3,340000	19,030000	0,000000	1358,000000
0,000000	286,160000	3,340000	19,030000	0,000000	1358,000000
0,000000	287,760000	3,340000	19,030000	0,000000	1358,000000
0,000000	289,780000	3,340000	19,030000	0,000000	1358,000000
0,000000	291,960000	3,340000	19,030000	0,000000	1358,000000
0,000000	295,400000	3,340000	19,030000	0,000000	1358,000000
0,000000	297,080000	3,340000	19,030000	0,000000	1358,000000
0,000000	299,420000	3,340000	19,030000	0,000000	1358,000000
0,000000	301,940000	3,340000	19,030000	0,000000	1358,000000
0,000000	304,000000	3,340000	19,030000	0,000000	1358,000000
0,000000	306,160000	3,340000	19,030000	0,000000	1358,000000
0,000000	308,020000	3,340000	19,030000	0,000000	1358,000000
0,000000	310,220000	3,340000	19,030000	0,000000	1358,000000
0,000000	311,800000	3,340000	19,030000	0,000000	1358,000000
0,000000	313,540000	3,340000	19,030000	0,000000	1358,000000
0,000000	314,920000	3,340000	19,030000	0,000000	1358,000000
0,000000	317,340000	3,340000	19,030000	0,000000	1358,000000
0,000000	318,580000	3,340000	19,030000	0,000000	1358,000000
0,000000	319,820000	3,340000	19,030000	0,000000	1358,000000
0,000000	321,020000	3,340000	19,030000	0,000000	1358,000000
0,000000	321,020000	3,340000	19,030000	0,000000	1358,000000
0,000000	322,640000	3,340000	19,030000	0,000000	1358,000000
0,000000	323,260000	3,340000	19,030000	0,000000	1358,000000
0,000000	324,900000	3,340000	19,030000	0,000000	1358,000000
0,000000	325,420000	3,340000	19,030000	0,000000	1358,000000
0,000000	326,640000	3,340000	19,030000	0,000000	1358,000000
0,000000	326,900000	3,340000	19,030000	0,000000	1358,000000
0,000000	327,920000	3,340000	19,030000	0,000000	1358,000000
0,000000	328,520000	3,340000	19,030000	0,000000	1358,000000
0,000000	328,880000	3,340000	19,030000	0,000000	1358,000000
0,000000	328,780000	3,340000	19,030000	0,000000	1358,000000
0,000000	329,940000	3,340000	19,030000	0,000000	1358,000000
0,000000	330,100000	3,340000	19,030000	0,000000	1358,000000
0,000000	330,480000	3,340000	19,030000	0,000000	1358,000000
0,000000	330,800000	3,340000	19,030000	0,000000	1358,000000
0,000000	331,040000	3,340000	19,030000	0,000000	1358,000000
0,000000	331,580000	3,340000	19,030000	0,000000	1358,000000
0,000000	332,160000	3,340000	19,030000	0,000000	1358,000000
0,000000	332,100000	3,340000	19,030000	0,000000	1358,000000
0,000000	332,260000	3,340000	19,030000	0,000000	1358,000000
0,000000	332,200000	3,340000	19,030000	0,000000	1358,000000
0,000000	332,820000	3,340000	19,030000	0,000000	1358,000000
0,000000	332,940000	3,340000	19,030000	0,000000	1358,000000
0,000000	333,200000	3,340000	19,030000	0,000000	1358,000000
0,000000	332,780000	3,340000	19,030000	0,000000	1358,000000
0,000000	333,220000	3,340000	19,030000	0,000000	1358,000000
0,000000	333,480000	3,340000	19,030000	0,000000	1358,000000
0,000000	333,800000	3,340000	19,030000	0,000000	1358,000000
0,000000	334,420000	3,340000	19,030000	0,000000	1358,000000
0,000000	333,780000	3,340000	19,030000	0,000000	1358,000000
0,000000	334,100000	3,340000	19,030000	0,000000	1358,000000
0,000000	334,100000	3,340000	19,030000	0,000000	1358,000000
0,000000	334,260000	3,340000	19,030000	0,000000	1358,000000
0,000000	334,480000	3,340000	19,030000	0,000000	1358,000000
0,000000	334,260000	3,340000	19,030000	0,000000	1358,000000
0,000000	334,720000	3,340000	19,030000	0,000000	1358,000000
0,000000	334,760000	3,340000	19,030000	0,000000	1358,000000
0,000000	335,380000	3,340000	19,030000	0,000000	1358,000000
0,000000	335,300000	3,340000	19,030000	0,000000	1358,000000
0,000000	335,140000	3,340000	19,030000	0,000000	1358,000000
0,000000	335,060000	3,340000	19,030000	0,000000	1373,000000
0,000000	335,020000	3,340000	19,030000	0,000000	1373,000000
0,000000	335,740000	3,340000	19,030000	0,000000	1373,000000
0,000000	335,720000	3,340000	19,030000	0,000000	1373,000000
0,000000	337,100000	3,340000	19,030000	0,000000	1373,000000
0,000000	338,540000	3,340000	19,030000	0,000000	1373,000000
0,000000	338,900000	3,340000	19,030000	0,000000	1373,000000
0,000000	340,000000	3,340000	19,030000	0,000000	1373,000000
0,000000	341,400000	3,340000	19,030000	0,000000	1373,000000
0,000000	341,800000	3,340000	19,030000	0,000000	1373,000000
0,000000	342,640000	3,340000	19,030000	0,000000	1373,000000
0,000000	343,120000	3,340000	19,030000	0,000000	1373,000000
0,000000	344,620000	3,340000	19,030000	0,000000	1373,000000
0,000000	345,000000	3,340000	19,030000	0,000000	1373,000000
0,000000	345,800000	3,340000	19,030000	0,000000	1373,000000
0,000000	346,280000	3,340000	19,030000	0,000000	1373,000000
0,000000	347,100000	3,340000	19,030000	0,000000	1373,000000
0,000000	347,520000	3,340000	19,030000	0,000000	1373,000000
0,000000	347,780000	3,340000	19,030000	0,000000	1373,000000
0,000000	348,140000	3,340000	19,030000	0,000000	1373,000000
0,000000	348,980000	3,340000	19,030000	0,000000	1373,000000
0,000000	349,820000	3,340000	19,030000	0,000000	1373,000000
0,000000	349,820000	3,340000	19,030000	0,000000	1373,000000
0,000000	350,360000	3,340000	19,030000	0,000000	1373,000000
0,000000	350,520000	3,340000	19,030000	0,000000	1373,000000
0,000000	351,200000	3,340000	19,030000	0,000000	1373,000000
0,000000	351,140000	3,340000	19,030000	0,000000	1373,000000
0,000000	351,360000	3,340000	19,030000	0,000000	1373,000000
0,000000	351,560000	3,340000	19,030000	0,000000	1373,000000
0,000000	351,840000	3,340000	19,030000	0,000000	1373,000000
0,000000	351,940000	3,340000	19,030000	0,000000	1373,000000
0,000000	352,240000	3,340000	19,030000	0,000000	1373,000000
0,000000	351,880000	3,340000	19,030000	0,000000	1373,000000
0,000000	351,400000	3,340000	19,030000	0,000000	1373,000000
0,000000	352,040000	3,340000	19,030000	0,000000	1373,000000
0,000000	351,900000	3,340000	19,030000	0,000000	1373,000000
0,000000	351,700000	3,340000	19,030000	0,000000	1373,000000
0,000000	352,380000	3,340000	19,030000	0,000000	1373,000000
0,000000	352,120000	3,340000	19,030000	0,000000	1373,000000
0,000000	352,580000	3,340000	19,030000	0,000000	1373,000000
0,000000	353,280000	3,340000	19,030000	0,000000	1373,000000
0,000000	352,620000	3,340000	19,030000	0,000000	1373,000000
0,000000	352,920000	3,340000	19,030000	0,000000	1373,000000
0,000000	353,380000	3,340000	19,030000	0,000000	1373,000000
0,000000	353,220000	3,340000	19,030000	0,000000	1373,000000
0,000000	353,400000	3,340000	19,030000	0,000000	1373,000000
0,000000	353,060000	3,340000	19,030000	0,000000	1373,000000
0,000000	353,000000	3,340000	19,030000	0,000000	1373,000000
0,000000	353,300000	3,340000	19,030000	0,000000	1373,000000
0,000000	353,460000	3,340000	19,030000	0,000000	1373,000000
0,000000	354,060000	3,340000	19,030000	0,000000	1373,000000
0,000000	353,600000	3,340000	19,030000	0,000000	1373,000000
0,000000	354,040000	3,340000	19,030000	0,000000	1373,000000
0,000000	354,040000	3,340000	19,030000	0,000000	1373,000000
0,000000	354,300000	3,340000	19,030000	0,000000	1373,000000
0,000000	354,380000	3,340000	19,030000	0,000000	1373,000000
0,000000	354,420000	3,340000	19,030000	0,000000	1373,000000
0,000000	354,800000	3,340000	19,030000	0,000000	1373,000000
0,000000	355,100000	3,340000	19,030000	0,000000	1373,000000
0,000000	354,980000	3,340000	19,030000	0,000000	1373,000000
0,000000	354,600000	3,340000	19,030000	0,000000	1373,000000
0,000000	354,780000	3,340000	19,030000	0,000000	1304,000000
0,000000	354,200000	3,340000	19,030000	0,000000	1304,000000
0,000000	351,100000	3,340000	19,030000	0,000000	1304,000000
0,000000	348,940000	3,340000	19,030000	0,000000	1304,000000
0,000000	344,180000	3,340000	19,030000	0,000000	1304,000000
0,000000	341,080000	3,340000	19,030000	0,000000	1304,000000
0,000000	338,100000	3,340000	19,030000	0,000000	1304,000000
0,000000	332,700000	3,340000	19,030000	0,000000	1304,000000
0,000000	328,760000	3,340000	19,030000	0,000000	1304,000000
0,000000	325,400000	3,340000	19,030000	0,000000	1304,000000
0,000000	322,680000	3,340000	19,030000	0,000000	1304,000000
0,000000	316,800000	3,340000	19,030000	0,000000	1304,000000
0,000000	314,040000	3,340000	19,030000	0,000000	1304,000000
0,000000	311,440000	3,340000	19,030000	0,000000	1304,000000
0,000000	309,280000	3,340000	19,030000	0,000000	1304,000000
0,000000	305,900000	3,340000	19,030000	0,000000	1304,000000
0,000000	302,200000	3,340000	19,030000	0,000000	1304,000000
0,000000	300,720000	3,340000	19,030000	0,000000	1304,000000
0,000000	298,660000	3,340000	19,030000	0,000000	1304,000000
0,000000	296,980000	3,340000	19,030000	0,000000	1304,000000
0,000000	294,700000	3,340000	19,030000	0,000000	1304,000000
0,000000	293,100000	3,340000	19,030000	0,000000	1304,000000
0,000000	293,100000	3,340000	19,030000	0,000000	1304,000000
0,000000	291,300000	3,340000	19,030000	0,000000	1304,000000
0,000000	290,480000	3,340000	19,030000	0,000000	1304,000000
0,000000	289,300000	3,340000	19,030000	0,000000	1304,000000
0,000000	287,040000	3,340000	19,030000	0,000000	1304,000000
0,000000	286,320000	3,340000	19,030000	0,000000	1304,000000
0,000000	286,040000	3,340000	19,030000	0,000000	1304,000000
0,000000	285,020000	3,340000	19,030000	0,000000	1304,000000
0,000000	283,880000	3,340000	19,030000	0,000000	1304,000000
0,000000	282,860000	3,340000	19,030000	0,000000	1304,000000
0,000000	282,560000	3,340000	19,030000	0,000000	1304,000000
0,000000	282,320000	3,340000	19,030000	0,000000	1304,000000
0,000000	281,960000	3,340000	19,030000	0,000000	1304,000000
0,000000	281,000000	3,340000	19,030000	0,000000	1304,000000
0,000000	280,220000	3,340000	19,030000	0,000000	1304,000000
0,000000	280,160000	3,340000	19,030000	0,000000	1304,000000
0,000000	279,520000	3,340000	19,030000	0,000000	1304,000000
0,000000	279,160000	3,340000	19,030000	0,000000	1304,000000
0,000000	279,140000	3,340000	19,030000	0,000000	1304,000000
0,000000	278,380000	3,340000	19,030000	0,000000	1304,000000
0,000000	278,360000	3,340000	19,030000	0,000000	1304,000000
0,000000	278,020000	3,340000	19,030000	0,000000	1304,000000
0,000000	278,180000	3,340000	19,030000	0,000000	1304,000000
0,000000	277,820000	3,340000	19,030000	0,000000	1304,000000
0,000000	277,220000	3,340000	19,030000	0,000000	1304,000000
0,000000	276,960000	3,340000	19,030000	0,000000	1304,000000
0,000000	276,940000	3,340000	19,030000	0,000000	1304,000000
0,000000	276,980000	3,340000	19,030000	0,000000	1304,000000
0,000000	277,120000	3,340000	19,030000	0,000000	1304,000000
0,000000	276,440000	3,340000	19,030000	0,000000	1304,000000
0,000000	276,500000	3,340000	19,030000	0,000000	1304,000000
0,000000	276,480000	3,340000	19,030000	0,000000	1304,000000
0,000000	276,480000	3,340000	19,030000	0,000000	1304,000000
0,000000	276,140000	3,340000	19,030000	0,000000	1304,000000
0,000000	276,120000	3,340000	19,030000	0,000000	1304,000000
0,000000	275,980000	3,340000	19,030000	0,000000	1304,000000
0,000000	276,180000	3,340000	19,030000	0,000000	1304,000000
0,000000	276,000000	3,340000	19,030000	0,000000	1304,000000
0,000000	275,520000	3,340000	19,030000	0,000000	1304,000000
0,000000	275,500000	3,340000	19,030000	0,000000	1304,000000
0,000000	275,540000	3,340000	19,030000	0,000000	1369,000000
0,000000	275,940000	3,340000	19,030000	0,000000	1369,000000
0,000000	277,100000	3,340000	19,030000	0,000000	1369,000000
0,000000	281,080000	3,340000	19,030000	0,000000	1369,000000
0,000000	283,320000	3,340000	19,030000	0,000000	1369,000000
0,000000	286,660000	3,340000	19,030000	0,000000	1369,000000
0,000000	290,580000	3,340000	19,030000	0,000000	1369,000000
0,000000	294,280000	3,340000	19,030000	0,000000	1369,000000
0,000000	298,420000	3,340000	19,030000	0,000000	1369,000000
0,000000	302,620000	3,340000	19,030000	0,000000	1369,000000
0,000000	307,600000	3,340000	19,030000	0,000000	1369,000000
0,000000	311,440000	3,340000	19,030000	0,000000	1369,000000
0,000000	315,560000	3,340000	19,030000	0,000000	1369,000000
0,000000	319,020000	3,340000	19,030000	0,000000	1369,000000
0,000000	322,320000	3,340000	19,030000	0,000000	1369,000000
0,000000	325,700000	3,340000	19,030000	0,000000	1369,000000
0,000000	327,460000	3,340000	19,030000	0,000000	1369,000000
0,000000	330,180000	3,340000	19,030000	0,000000	1369,000000
0,000000	331,880000	3,340000	19,030000	0,000000	1369,000000
0,000000	333,380000	3,340000	19,030000	0,000000	1369,000000
0,000000	334,880000	3,340000	19,030000	0,000000	1369,000000
0,000000	336,700000	3,340000	19,030000	0,000000	1369,000000
0,000000	337,540000	3,340000	19,030000	0,000000	1369,000000
0,000000	339,220000	3,340000	19,030000	0,000000	1369,000000
0,000000	339,220000	3,340000	19,030000	0,000000	1369,000000
0,000000	340,780000	3,340000	19,030000	0,000000	1369,000000
0,000000	342,520000	3,340000	19,030000	0,000000	1369,000000
0,000000	343,420000	3,340000	19,030000	0,000000	1369,000000
0,000000	344,080000	3,340000	19,030000	0,000000	1369,000000
0,000000	345,060000	3,340000	19,030000	0,000000	1369,000000
0,000000	345,800000	3,340000	19,030000	0,000000	1369,000000
0,000000	345,620000	3,340000	19,030000	0,000000	1369,000000
0,000000	346,920000	3,340000	19,030000	0,000000	1369,000000
0,000000	347,020000	3,340000	19,030000	0,000000	1369,000000
0,000000	348,120000	3,340000	19,030000	0,000000	1369,000000
0,000000	348,920000	3,340000	19,030000	0,000000	1369,000000
0,000000	348,960000	3,340000	19,030000	0,000000	1369,000000
0,000000	349,760000	3,340000	19,030000	0,000000	1369,000000
0,000000	350,500000	3,340000	19,030000	0,000000	1369,000000
0,000000	350,360000	3,340000	19,030000	0,000000	1369,000000
0,000000	350,820000	3,340000	19,030000	0,000000	1369,000000
0,000000	351,020000	3,340000	19,030000	0,000000	1369,000000
0,000000	351,480000	3,340000	19,030000	0,000000	1369,000000
0,000000	351,660000	3,340000	19,030000	0,000000	1369,000000
0,000000	352,060000	3,340000	19,030000	0,000000	1369,000000
0,000000	352,260000	3,340000	19,030000	0,000000	1369,000000
0,000000	352,140000	3,340000	19,030000	0,000000	1369,000000
0,000000	352,100000	3,340000	19,030000	0,000000	1369,000000
0,000000	352,020000	3,340000	19,030000	0,000000	1369,000000
0,000000	352,400000	3,340000	19,030000	0,000000	1369,000000
0,000000	352,040000	3,340000	19,030000	0,000000	1369,000000
0,000000	352,520000	3,340000	19,030000	0,000000	1369,000000
0,000000	352,020000	3,340000	19,030000	0,000000	1369,000000
0,000000	352,180000	3,340000	19,030000	0,000000	1369,000000
0,000000	352,180000	3,340000	19,030000	0,000000	1369,000000
0,000000	352,420000	3,340000	19,030000	0,000000	1369,000000
0,000000	352,060000	3,340000	19,030000	0,000000	1369,000000
0,000000	351,980000	3,340000	19,030000	0,000000	1369,000000
0,000000	352,320000	3,340000	19,030000	0,000000	1369,000000
0,000000	352,240000	3,340000	19,030000	0,000000	1369,000000
0,000000	352,160000	3,340000	19,030000	0,000000	1359,000000
0,000000	351,860000	3,340000	19,030000	0,000000	1359,000000
0,000000	351,800000	3,340000	19,030000	0,000000	1359,000000
0,000000	351,100000	3,340000	19,030000	0,000000	1359,000000
0,000000	350,360000	3,340000	19,030000	0,000000	1359,000000
0,000000	349,180000	3,340000	19,030000	0,000000	1359,000000
0,000000	348,960000	3,340000	19,030000	0,000000	1359,000000
0,000000	348,040000	3,340000	19,030000	0,000000	1359,000000
0,000000	347,920000	3,340000	19,030000	0,000000	1359,000000
0,000000	347,080000	3,340000	19,030000	0,000000	1359,000000
0,000000	346,700000	3,340000	19,030000	0,000000	1359,000000
0,000000	345,520000	3,340000	19,030000	0,000000	1359,000000
0,000000	345,160000	3,340000	19,030000	0,000000	1359,000000
0,000000	344,340000	3,340000	19,030000	0,000000	1359,000000
0,000000	343,660000	3,340000	19,030000	0,000000	1359,000000
0,000000	343,800000	3,340000	19,030000	0,000000	1359,000000
0,000000	343,200000	3,340000	19,030000	0,000000	1359,000000
0,000000	342,800000	3,340000	19,030000	0,000000	1359,000000
0,000000	343,280000	3,340000	19,030000	0,000000	1359,000000
0,000000	343,140000	3,340000	19,030000	0,000000	1359,000000
0,000000	343,080000	3,340000	19,030000	0,000000	1359,000000
0,000000	343,100000	3,340000	19,030000	0,000000	1359,000000
0,000000	343,200000	3,340000	19,030000	0,000000	1359,000000
0,000000	342,720000	3,340000	19,030000	0,000000	1359,000000
0,000000	342,520000	3,340000	19,030000	0,000000	1359,000000
0,000000	343,240000	3,340000	19,030000	0,000000	1359,000000
0,000000	343,240000	3,340000	19,030000	0,000000	1359,000000
0,000000	342,500000	3,340000	19,030000	0,000000	1359,000000
0,000000	342,620000	3,340000	19,030000	0,000000	1359,000000
0,000000	342,940000	3,340000	19,030000	0,000000	1359,000000
0,000000	342,960000	3,340000	19,030000	0,000000	1359,000000
0,000000	342,620000	3,340000	19,030000	0,000000	1359,000000
0,000000	342,500000	3,340000	19,030000	0,000000	1359,000000
0,000000	342,240000	3,340000	19,030000	0,000000	1359,000000
0,000000	342,000000	3,340000	19,030000	0,000000	1359,000000
0,000000	342,200000	3,340000	19,030000	0,000000	1359,000000
0,000000	342,020000	3,340000	19,030000	0,000000	1359,000000
0,000000	341,940000	3,340000	19,030000	0,000000	1359,000000
0,000000	341,900000	3,340000	19,030000	0,000000	1359,000000
0,000000	342,060000	3,340000	19,030000	0,000000	1359,000000
0,000000	342,180000	3,340000	19,030000	0,000000	1359,000000
0,000000	342,320000	3,340000	19,030000	0,000000	1359,000000
0,000000	342,480000	3,340000	19,030000	0,000000	1359,000000
0,000000	341,920000	3,340000	19,030000	0,000000	1359,000000
0,000000	341,980000	3,340000	19,030000	0,000000	1359,000000
0,000000	342,160000	3,340000	19,030000	0,000000	1359,000000
0,000000	341,820000	3,340000	19,030000	0,000000	1359,000000
0,000000	341,700000	3,340000	19,030000	0,000000	1359,000000
0,000000	341,660000	3,340000	19,030000	0,000000	1359,000000
0,000000	341,480000	3,340000	19,030000	0,000000	1359,000000
0,000000	341,240000	3,340000	19,030000	0,000000	1359,000000
0,000000	341,200000	3,340000	19,030000	0,000000	1359,000000
0,000000	340,980000	3,340000	19,030000	0,000000	1359,000000
0,000000	340,980000	3,340000	19,030000	0,000000	1359,000000
0,000000	340,960000	3,340000	19,030000	0,000000	1359,000000
0,000000	341,240000	3,340000	19,030000	0,000000	1359,000000
0,000000	341,380000	3,340000	19,030000	0,000000	1359,000000
0,000000	341,380000	3,340000	19,030000	0,000000	1359,000000
0,000000	340,660000	3,340000	19,030000	0,000000	1359,000000
0,000000	341,220000	3,340000	19,030000	0,000000	1359,000000
0,000000	340,940000	3,340000	19,030000	0,000000	1383,000000
0,000000	341,340000	3,340000	19,030000	0,000000	1383,000000
0,000000	342,260000	3,340000	19,030000	0,000000	1383,000000
0,000000	342,640000	3,340000	19,030000	0,000000	1383,000000
0,000000	345,160000	3,340000	19,030000	0,000000	1383,000000
0,000000	345,840000	3,340000	19,030000	0,000000	1383,000000
0,000000	347,960000	3,340000	19,030000	0,000000	1383,000000
0,000000	349,440000	3,340000	19,030000	0,000000	1383,000000
0,000000	351,200000	3,340000	19,030000	0,000000	1383,000000
0,000000	352,640000	3,340000	19,030000	0,000000	1383,000000
0,000000	354,280000	3,340000	19,030000	0,000000	1383,000000
0,000000	354,600000	3,340000	19,030000	0,000000	1383,000000
0,000000	356,360000	3,340000	19,030000	0,000000	1383,000000
0,000000	357,460000	3,340000	19,030000	0,000000	1383,000000
0,000000	358,120000	3,340000	19,030000	0,000000	1383,000000
0,000000	358,880000	3,340000	19,030000	0,000000	1383,000000
0,000000	359,960000	3,340000	19,030000	0,000000	1383,000000
0,000000	360,440000	3,340000	19,030000	0,000000	1383,000000
0,000000	360,840000	3,340000	19,030000	0,000000	1383,000000
0,000000	361,720000	3,340000	19,030000	0,000000	1383,000000
0,000000	361,740000	3,340000	19,030000	0,000000	1383,000000
0,000000	362,700000	3,340000	19,030000	0,000000	1383,000000
0,000000	362,780000	3,340000	19,030000	0,000000	1383,000000
0,000000	363,220000	3,340000	19,030000	0,000000	1383,000000
0,000000	363,840000	3,340000	19,030000	0,000000	1383,000000
0,000000	364,040000	3,340000	19,030000	0,000000	1383,000000
0,000000	364,340000	3,340000	19,030000	0,000000	1383,000000
0,000000	364,340000	3,340000	19,030000	0,000000	1383,000000
0,000000	364,420000	3,340000	19,030000	0,000000	1383,000000
0,000000	365,060000	3,340000	19,030000	0,000000	1383,000000
0,000000	365,280000	3,340000	19,030000	0,000000	1383,000000
0,000000	365,920000	3,340000	19,030000	0,000000	1383,000000
0,000000	365,720000	3,340000	19,030000	0,000000	1383,000000
0,000000	366,080000	3,340000	19,030000	0,000000	1383,000000
0,000000	366,000000	3,340000	19,030000	0,000000	1383,000000
0,000000	366,220000	3,340000	19,030000	0,000000	1383,000000
0,000000	365,320000	3,340000	19,030000	0,000000	1383,000000
0,000000	365,700000	3,340000	19,030000	0,000000	1383,000000
0,000000	366,200000	3,340000	19,030000	0,000000	1383,000000
0,000000	365,380000	3,340000	19,030000	0,000000	1383,000000
0,000000	365,580000	3,340000	19,030000	0,000000	1383,000000
0,000000	365,980000	3,340000	19,030000	0,000000	1383,000000
0,000000	366,340000	3,340000	19,030000	0,000000	1383,000000
0,000000	366,040000	3,340000	19,030000	0,000000	1383,000000
0,000000	366,020000	3,340000	19,030000	0,000000	1383,000000
0,000000	365,220000	3,340000	19,030000	0,000000	1383,000000
0,000000	366,680000	3,340000	19,030000	0,000000	1383,000000
0,000000	366,700000	3,340000	19,030000	0,000000	1383,000000
0,000000	366,540000	3,340000	19,030000	0,000000	1383,000000
0,000000	367,180000	3,340000	19,030000	0,000000	1383,000000
0,000000	367,280000	3,340000	19,030000	0,000000	1383,000000
0,000000	367,900000	3,340000	19,030000	0,000000	1383,000000
0,000000	367,440000	3,340000	19,030000	0,000000	1383,000000
0,000000	367,320000	3,340000	19,030000	0,000000	1383,000000
0,000000	367,700000	3,340000	19,030000	0,000000	1383,000000
0,000000	367,680000	3,340000	19,030000	0,000000	1383,000000
0,000000	368,100000	3,340000	19,030000	0,000000	1383,000000
0,000000	368,660000	3,340000	19,030000	0,000000	1383,000000
0,000000	368,660000	3,340000	19,030000	0,000000	1383,000000
0,000000	368,080000	3,340000	19,030000	0,000000	1383,000000
0,000000	368,700000	3,340000	19,030000	0,000000	1383,000000
0,000000	368,260000	3,340000	19,030000	0,000000	1304,000000
0,000000	367,640000	3,340000	19,030000	0,000000	1304,000000
0,000000	364,360000	3,340000	19,030000	0,000000	1304,000000
0,000000	359,860000	3,340000	19,030000	0,000000	1304,000000
0,000000	355,620000	3,340000	19,030000	0,000000	1304,000000
0,000000	351,180000	3,340000	19,030000	0,000000	1304,000000
0,000000	344,080000	3,340000	19,030000	0,000000	1304,000000
0,000000	340,560000	3,340000	19,030000	0,000000	1304,000000
0,000000	335,880000	3,340000	19,030000	0,000000	1304,000000
0,000000	329,940000	3,340000	19,030000	0,000000	1304,000000
0,000000	325,340000	3,340000	19,030000	0,000000	1304,000000
0,000000	321,300000	3,340000	19,030000	0,000000	1304,000000
0,000000	317,900000	3,340000	19,030000	0,000000	1304,000000
0,000000	314,260000	3,340000	19,030000	0,000000	1304,000000
0,000000	308,880000	3,340000	19,030000	0,000000	1304,000000
0,000000	306,540000	3,340000	19,030000	0,000000	1304,000000
0,000000	303,120000	3,340000	19,030000	0,000000	1304,000000
0,000000	301,180000	3,340000	19,030000	0,000000	1304,000000
0,000000	298,360000	3,340000	19,030000	0,000000	1304,000000
0,000000	295,600000	3,340000	19,030000	0,000000	1304,000000
0,000000	293,180000	3,340000	19,030000	0,000000	1304,000000
0,000000	292,020000	3,340000	19,030000	0,000000	1304,000000
0,000000	289,920000	3,340000	19,030000	0,000000	1304,000000
0,000000	287,300000	3,340000	19,030000	0,000000	1304,000000
0,000000	285,860000	3,340000	19,030000	0,000000	1304,000000
0,000000	284,700000	3,340000	19,030000	0,000000	1304,000000
0,000000	283,560000	3,340000	19,030000	0,000000	1304,000000
0,000000	282,840000	3,340000	19,030000	0,000000	1304,000000
0,000000	281,700000	3,340000	19,030000	0,000000	1304,000000
0,000000	281,700000	3,340000	19,030000	0,000000	1304,000000
0,000000	280,600000	3,340000	19,030000	0,000000	1304,000000
0,000000	279,720000	3,340000	19,030000	0,000000	1304,000000
0,000000	279,280000	3,340000	19,030000	0,000000	1304,000000
0,000000	278,960000	3,340000	19,030000	0,000000	1304,000000
0,000000	278,980000	3,340000	19,030000	0,000000	1304,000000
0,000000	277,360000	3,340000	19,030000	0,000000	1304,000000
0,000000	277,880000	3,340000	19,030000	0,000000	1304,000000
0,000000	277,260000	3,340000	19,030000	0,000000	1304,000000
0,000000	277,060000	3,340000	19,030000	0,000000	1304,000000
0,000000	276,780000	3,340000	19,030000	0,000000	1304,000000
0,000000	276,540000	3,340000	19,030000	0,000000	1304,000000
0,000000	276,200000	3,340000	19,030000	0,000000	1304,000000
0,000000	276,020000	3,340000	19,030000	0,000000	1304,000000
0,000000	276,440000	3,340000	19,030000	0,000000	1304,000000
0,000000	275,380000	3,340000	19,030000	0,000000	1304,000000
0,000000	275,800000	3,340000	19,030000	0,000000	1304,000000
0,000000	275,520000	3,340000	19,030000	0,000000	1304,000000
0,000000	275,620000	3,340000	19,030000	0,000000	1304,000000
0,000000	275,500000	3,340000	19,030000	0,000000	1304,000000
0,000000	275,460000	3,340000	19,030000	0,000000	1304,000000
0,000000	275,160000	3,340000	19,030000	0,000000	1304,000000
0,000000	274,920000	3,340000	19,030000	0,000000	1304,000000
0,000000	275,040000	3,340000	19,030000	0,000000	1304,000000
0,000000	274,800000	3,340000	19,030000	0,000000	1304,000000
0,000000	274,540000	3,340000	19,030000	0,000000	1304,000000
0,000000	274,180000	3,340000	19,030000	0,000000	1304,000000
0,000000	273,860000	3,340000	19,030000	0,000000	1304,000000
0,000000	273,740000	3,340000	19,030000	0,000000	1304,000000
0,000000	273,740000	3,340000	19,030000	0,000000	1304,000000
0,000000	274,460000	3,340000	19,030000	0,000000	1304,000000
0,000000	273,720000	3,340000	19,030000	0,000000	1318,000000
0,000000	274,180000	3,340000	19,030000	0,000000	1318,000000
0,000000	274,440000	3,340000	19,030000	0,000000	1318,000000
0,000000	274,900000	3,340000	19,030000	0,000000	1318,000000
0,000000	275,720000	3,340000	19,030000	0,000000	1318,000000
0,000000	276,400000	3,340000	19,030000	0,000000	1318,000000
0,000000	277,240000	3,340000	19,030000	0,000000	1318,000000
0,000000	278,360000	3,340000	19,030000	0,000000	1318,000000
0,000000	278,960000	3,340000	19,030000	0,000000	1318,000000
0,000000	279,820000	3,340000	19,030000	0,000000	1318,000000
0,000000	279,720000	3,340000	19,030000	0,000000	1318,000000
0,000000	280,940000	3,340000	19,030000	0,000000	1318,000000
0,000000	281,400000	3,340000	19,030000	0,000000	1318,000000
0,000000	282,240000	3,340000	19,030000	0,000000	1318,000000
0,000000	283,300000	3,340000	19,030000	0,000000	1318,000000
0,000000	283,240000	3,340000	19,030000	0,000000	1318,000000
0,000000	283,880000	3,340000	19,030000	0,000000	1318,000000
0,000000	284,260000	3,340000	19,030000	0,000000	1318,000000
0,000000	284,820000	3,340000	19,030000	0,000000	1318,000000
0,000000	284,800000	3,340000	19,030000	0,000000	1318,000000
0,000000	285,840000	3,340000	19,030000	0,000000	1318,000000
0,000000	285,520000	3,340000	19,030000	0,000000	1318,000000
0,000000	285,480000	3,340000	19,030000	0,000000	1318,000000
0,000000	286,780000	3,340000	19,030000	0,000000	1318,000000
0,000000	287,260000	3,340000	19,030000	0,000000	1318,000000
0,000000	287,020000	3,340000	19,030000	0,000000	1318,000000
0,000000	287,480000	3,340000	19,030000	0,000000	1318,000000
0,000000	288,500000	3,340000	19,030000	0,000000	1318,000000
0,000000	287,920000	3,340000	19,030000	0,000000	1318,000000
0,000000	287,880000	3,340000	19,030000	0,000000	1318,000000
0,000000	287,880000	3,340000	19,030000	0,000000	1318,000000
0,000000	288,840000	3,340000	19,030000	0,000000	1318,000000
0,000000	288,740000	3,340000	19,030000	0,000000	1318,000000
0,000000	289,340000	3,340000	19,030000	0,000000	1318,000000
0,000000	288,880000	3,340000	19,030000	0,000000	1318,000000
0,000000	289,040000	3,340000	19,030000	0,000000	1318,000000
0,000000	288,500000	3,340000	19,030000	0,000000	1318,000000
0,000000	288,520000	3,340000	19,030000	0,000000	1318,000000
0,000000	289,120000	3,340000	19,030000	0,000000	1318,000000
