SP	FB	KP	KI	KD	PWM
0,000000	0,000000	0,000000	0,000000	0,000000	1318,000000
0,000000	0,000000	3,350000	19,140000	0,000000	1251,050000
0,000000	302,440000	3,350000	19,140000	0,000000	1256,580000
0,000000	298,460000	3,350000	19,140000	0,000000	1264,210000
0,000000	294,080000	3,350000	19,140000	0,000000	1251,050000
0,000000	302,440000	3,350000	19,140000	0,000000	1256,580000
0,000000	298,460000	3,350000	19,140000	0,000000	1264,210000
0,000000	294,080000	3,350000	19,140000	0,000000	0,000000
0,000000	294,080000	3,350000	19,140000	0,000000	0,000000
0,000000	294,080000	3,350000	19,140000	0,000000	0,000000
0,000000	294,080000	3,350000	19,140000	0,000000	0,000000
0,000000	294,080000	3,350000	19,140000	0,000000	0,000000
0,000000	294,080000	3,350000	19,140000	0,000000	0,000000
0,000000	294,080000	3,350000	19,140000	0,000000	0,000000
0,000000	256,280000	3,340000	19,030000	0,000000	988,870000
0,000000	254,880000	3,340000	19,030000	0,000000	900,000000
0,000000	252,940000	3,340000	19,030000	0,000000	900,000000
0,000000	245,800000	3,340000	19,030000	0,000000	900,000000
0,000000	224,200000	3,340000	19,030000	0,000000	900,000000
0,000000	208,880000	3,340000	19,030000	0,000000	900,000000
0,000000	179,940000	3,340000	19,030000	0,000000	900,000000
0,000000	167,640000	3,340000	19,030000	0,000000	900,000000
0,000000	155,160000	3,340000	19,030000	0,000000	900,000000
0,000000	143,200000	3,340000	19,030000	0,000000	900,000000
0,000000	132,340000	3,340000	19,030000	0,000000	900,000000
0,000000	123,200000	3,340000	19,030000	0,000000	900,000000
0,000000	115,000000	3,340000	19,030000	0,000000	900,000000
0,000000	107,840000	3,340000	19,030000	0,000000	900,000000
0,000000	101,040000	3,340000	19,030000	0,000000	900,000000
0,000000	94,940000	3,340000	19,030000	0,000000	900,000000
0,000000	90,320000	3,340000	19,030000	0,000000	900,000000
0,000000	85,860000	3,340000	19,030000	0,000000	900,000000
0,000000	81,280000	3,340000	19,030000	0,000000	900,000000
0,000000	77,380000	3,340000	19,030000	0,000000	900,000000
0,000000	73,780000	3,340000	19,030000	0,000000	900,000000
0,000000	70,920000	3,340000	19,030000	0,000000	900,000000
0,000000	68,420000	3,340000	19,030000	0,000000	900,000000
0,000000	65,980000	3,340000	19,030000	0,000000	900,000000
0,000000	63,900000	3,340000	19,030000	0,000000	900,000000
0,000000	61,840000	3,340000	19,030000	0,000000	900,000000
0,000000	59,960000	3,340000	19,030000	0,000000	900,000000
0,000000	58,100000	3,340000	19,030000	0,000000	900,000000
0,000000	56,560000	3,340000	19,030000	0,000000	900,000000
0,000000	55,040000	3,340000	19,030000	0,000000	900,000000
0,000000	53,700000	3,340000	19,030000	0,000000	900,000000
0,000000	52,060000	3,340000	19,030000	0,000000	900,000000
0,000000	50,920000	3,340000	19,030000	0,000000	900,000000
0,000000	49,400000	3,340000	19,030000	0,000000	900,000000
0,000000	48,140000	3,340000	19,030000	0,000000	900,000000
0,000000	47,040000	3,340000	19,030000	0,000000	900,000000
0,000000	45,980000	3,340000	19,030000	0,000000	900,000000
0,000000	44,760000	3,340000	19,030000	0,000000	900,000000
0,000000	43,600000	3,340000	19,030000	0,000000	900,000000
0,000000	42,360000	3,340000	19,030000	0,000000	900,000000
0,000000	41,200000	3,340000	19,030000	0,000000	900,000000
0,000000	40,280000	3,340000	19,030000	0,000000	1384,000000
0,000000	39,200000	3,340000	19,030000	0,000000	1384,000000
0,000000	39,300000	3,340000	19,030000	0,000000	1384,000000
0,000000	36,880000	3,340000	19,030000	0,000000	1384,000000
0,000000	37,660000	3,340000	19,030000	0,000000	1384,000000
0,000000	41,280000	3,340000	19,030000	0,000000	1384,000000
0,000000	56,020000	3,340000	19,030000	0,000000	1384,000000
0,000000	73,020000	3,340000	19,030000	0,000000	1384,000000
0,000000	93,240000	3,340000	19,030000	0,000000	1384,000000
0,000000	115,820000	3,340000	19,030000	0,000000	1384,000000
0,000000	133,220000	3,340000	19,030000	0,000000	1384,000000
0,000000	163,020000	3,340000	19,030000	0,000000	1372,000000
0,000000	172,580000	3,340000	19,030000	0,000000	1372,000000
0,000000	186,620000	3,340000	19,030000	0,000000	1372,000000
0,000000	204,800000	3,340000	19,030000	0,000000	1372,000000
0,000000	204,800000	3,340000	19,030000	0,000000	1372,000000
0,000000	216,040000	3,340000	19,030000	0,000000	1372,000000
0,000000	230,960000	3,340000	19,030000	0,000000	1372,000000
0,000000	239,160000	3,340000	19,030000	0,000000	1372,000000
0,000000	251,880000	3,340000	19,030000	0,000000	1372,000000
0,000000	258,120000	3,340000	19,030000	0,000000	1372,000000
0,000000	268,560000	3,340000	19,030000	0,000000	1372,000000
0,000000	274,540000	3,340000	19,030000	0,000000	1372,000000
0,000000	282,560000	3,340000	19,030000	0,000000	1372,000000
0,000000	288,040000	3,340000	19,030000	0,000000	1372,000000
0,000000	294,440000	3,340000	19,030000	0,000000	1372,000000
0,000000	298,860000	3,340000	19,030000	0,000000	1372,000000
0,000000	303,720000	3,340000	19,030000	0,000000	1372,000000
0,000000	307,500000	3,340000	19,030000	0,000000	1372,000000
0,000000	311,480000	3,340000	19,030000	0,000000	1372,000000
0,000000	315,140000	3,340000	19,030000	0,000000	1372,000000
0,000000	317,980000	3,340000	19,030000	0,000000	1372,000000
0,000000	321,300000	3,340000	19,030000	0,000000	1372,000000
0,000000	323,300000	3,340000	19,030000	0,000000	1372,000000
0,000000	326,100000	3,340000	19,030000	0,000000	1372,000000
0,000000	326,780000	3,340000	19,030000	0,000000	1372,000000
0,000000	328,720000	3,340000	19,030000	0,000000	1372,000000
0,000000	329,400000	3,340000	19,030000	0,000000	1372,000000
0,000000	331,180000	3,340000	19,030000	0,000000	1372,000000
0,000000	331,860000	3,340000	19,030000	0,000000	1372,000000
0,000000	333,160000	3,340000	19,030000	0,000000	1372,000000
0,000000	333,880000	3,340000	19,030000	0,000000	1372,000000
0,000000	335,460000	3,340000	19,030000	0,000000	1372,000000
0,000000	336,140000	3,340000	19,030000	0,000000	1372,000000
0,000000	337,360000	3,340000	19,030000	0,000000	1372,000000
0,000000	338,460000	3,340000	19,030000	0,000000	1372,000000
0,000000	339,340000	3,340000	19,030000	0,000000	1372,000000
0,000000	339,340000	3,340000	19,030000	0,000000	1372,000000
0,000000	339,880000	3,340000	19,030000	0,000000	1372,000000
0,000000	340,460000	3,340000	19,030000	0,000000	1372,000000
0,000000	341,220000	3,340000	19,030000	0,000000	1372,000000
0,000000	341,740000	3,340000	19,030000	0,000000	1372,000000
0,000000	341,980000	3,340000	19,030000	0,000000	1372,000000
0,000000	342,800000	3,340000	19,030000	0,000000	1372,000000
0,000000	342,960000	3,340000	19,030000	0,000000	1372,000000
0,000000	343,720000	3,340000	19,030000	0,000000	1372,000000
0,000000	343,560000	3,340000	19,030000	0,000000	1372,000000
0,000000	344,200000	3,340000	19,030000	0,000000	1372,000000
0,000000	344,200000	3,340000	19,030000	0,000000	1372,000000
0,000000	345,020000	3,340000	19,030000	0,000000	1372,000000
0,000000	345,040000	3,340000	19,030000	0,000000	1372,000000
0,000000	345,200000	3,340000	19,030000	0,000000	1372,000000
0,000000	345,800000	3,340000	19,030000	0,000000	1372,000000
0,000000	345,880000	3,340000	19,030000	0,000000	1372,000000
0,000000	346,360000	3,340000	19,030000	0,000000	1372,000000
0,000000	346,760000	3,340000	19,030000	0,000000	1372,000000
0,000000	346,840000	3,340000	19,030000	0,000000	1372,000000
0,000000	346,860000	3,340000	19,030000	0,000000	1372,000000
0,000000	347,220000	3,340000	19,030000	0,000000	1372,000000
0,000000	347,200000	3,340000	19,030000	0,000000	1372,000000
0,000000	347,460000	3,340000	19,030000	0,000000	1372,000000
0,000000	347,900000	3,340000	19,030000	0,000000	1372,000000
0,000000	347,820000	3,340000	19,030000	0,000000	1372,000000
0,000000	348,040000	3,340000	19,030000	0,000000	1372,000000
0,000000	348,020000	3,340000	19,030000	0,000000	1310,000000
0,000000	348,200000	3,340000	19,030000	0,000000	1310,000000
0,000000	346,300000	3,340000	19,030000	0,000000	1310,000000
0,000000	346,300000	3,340000	19,030000	0,000000	1310,000000
0,000000	344,280000	3,340000	19,030000	0,000000	1310,000000
0,000000	339,480000	3,340000	19,030000	0,000000	1310,000000
0,000000	336,640000	3,340000	19,030000	0,000000	1310,000000
0,000000	333,700000	3,340000	19,030000	0,000000	1310,000000
0,000000	327,380000	3,340000	19,030000	0,000000	1310,000000
0,000000	325,140000	3,340000	19,030000	0,000000	1310,000000
0,000000	321,320000	3,340000	19,030000	0,000000	1310,000000
0,000000	318,680000	3,340000	19,030000	0,000000	1310,000000
0,000000	312,780000	3,340000	19,030000	0,000000	1310,000000
0,000000	311,300000	3,340000	19,030000	0,000000	1310,000000
0,000000	307,200000	3,340000	19,030000	0,000000	1310,000000
0,000000	304,960000	3,340000	19,030000	0,000000	1310,000000
0,000000	301,580000	3,340000	19,030000	0,000000	1310,000000
0,000000	299,240000	3,340000	19,030000	0,000000	1310,000000
0,000000	296,500000	3,340000	19,030000	0,000000	1310,000000
0,000000	295,560000	3,340000	19,030000	0,000000	1310,000000
0,000000	293,960000	3,340000	19,030000	0,000000	1310,000000
0,000000	290,780000	3,340000	19,030000	0,000000	1310,000000
0,000000	289,520000	3,340000	19,030000	0,000000	1310,000000
0,000000	289,060000	3,340000	19,030000	0,000000	1310,000000
0,000000	287,220000	3,340000	19,030000	0,000000	1310,000000
0,000000	286,680000	3,340000	19,030000	0,000000	1310,000000
0,000000	284,460000	3,340000	19,030000	0,000000	1310,000000
0,000000	283,760000	3,340000	19,030000	0,000000	1310,000000
0,000000	283,040000	3,340000	19,030000	0,000000	1310,000000
0,000000	282,120000	3,340000	19,030000	0,000000	1310,000000
0,000000	281,860000	3,340000	19,030000	0,000000	1310,000000
0,000000	280,660000	3,340000	19,030000	0,000000	1310,000000
0,000000	279,760000	3,340000	19,030000	0,000000	1310,000000
0,000000	278,860000	3,340000	19,030000	0,000000	1310,000000
0,000000	278,800000	3,340000	19,030000	0,000000	1310,000000
0,000000	278,800000	3,340000	19,030000	0,000000	1310,000000
0,000000	279,160000	3,340000	19,030000	0,000000	1310,000000
0,000000	277,940000	3,340000	19,030000	0,000000	1310,000000
0,000000	277,980000	3,340000	19,030000	0,000000	1310,000000
0,000000	278,080000	3,340000	19,030000	0,000000	1310,000000
0,000000	278,040000	3,340000	19,030000	0,000000	1310,000000
0,000000	277,660000	3,340000	19,030000	0,000000	1310,000000
0,000000	276,580000	3,340000	19,030000	0,000000	1310,000000
0,000000	276,840000	3,340000	19,030000	0,000000	1310,000000
0,000000	276,880000	3,340000	19,030000	0,000000	1310,000000
0,000000	276,720000	3,340000	19,030000	0,000000	1310,000000
0,000000	276,160000	3,340000	19,030000	0,000000	1310,000000
0,000000	275,820000	3,340000	19,030000	0,000000	1310,000000
0,000000	275,640000	3,340000	19,030000	0,000000	1310,000000
0,000000	275,880000	3,340000	19,030000	0,000000	1310,000000
0,000000	275,760000	3,340000	19,030000	0,000000	1310,000000
0,000000	275,660000	3,340000	19,030000	0,000000	1310,000000
0,000000	275,340000	3,340000	19,030000	0,000000	1310,000000
0,000000	275,280000	3,340000	19,030000	0,000000	1310,000000
0,000000	275,120000	3,340000	19,030000	0,000000	1310,000000
0,000000	275,120000	3,340000	19,030000	0,000000	1310,000000
0,000000	275,060000	3,340000	19,030000	0,000000	1310,000000
0,000000	274,900000	3,340000	19,030000	0,000000	1310,000000
0,000000	275,160000	3,340000	19,030000	0,000000	1310,000000
0,000000	274,920000	3,340000	19,030000	0,000000	1310,000000
0,000000	274,880000	3,340000	19,030000	0,000000	1310,000000
0,000000	273,920000	3,340000	19,030000	0,000000	1310,000000
0,000000	274,120000	3,340000	19,030000	0,000000	1314,000000
0,000000	274,080000	3,340000	19,030000	0,000000	1314,000000
0,000000	274,400000	3,340000	19,030000	0,000000	1314,000000
0,000000	275,000000	3,340000	19,030000	0,000000	1314,000000
0,000000	275,000000	3,340000	19,030000	0,000000	1314,000000
0,000000	274,580000	3,340000	19,030000	0,000000	1314,000000
0,000000	275,240000	3,340000	19,030000	0,000000	1314,000000
0,000000	276,040000	3,340000	19,030000	0,000000	1314,000000
0,000000	276,040000	3,340000	19,030000	0,000000	1314,000000
0,000000	276,460000	3,340000	19,030000	0,000000	1314,000000
0,000000	276,920000	3,340000	19,030000	0,000000	1314,000000
0,000000	276,960000	3,340000	19,030000	0,000000	1314,000000
0,000000	277,420000	3,340000	19,030000	0,000000	1314,000000
0,000000	277,420000	3,340000	19,030000	0,000000	1314,000000
0,000000	277,720000	3,340000	19,030000	0,000000	1314,000000
0,000000	277,180000	3,340000	19,030000	0,000000	1314,000000
0,000000	277,820000	3,340000	19,030000	0,000000	1314,000000
0,000000	278,080000	3,340000	19,030000	0,000000	1314,000000
0,000000	278,260000	3,340000	19,030000	0,000000	1314,000000
0,000000	277,940000	3,340000	19,030000	0,000000	1314,000000
0,000000	278,100000	3,340000	19,030000	0,000000	1314,000000
0,000000	279,020000	3,340000	19,030000	0,000000	1314,000000
0,000000	279,080000	3,340000	19,030000	0,000000	1314,000000
0,000000	278,740000	3,340000	19,030000	0,000000	1314,000000
0,000000	279,240000	3,340000	19,030000	0,000000	1314,000000
0,000000	279,680000	3,340000	19,030000	0,000000	1314,000000
0,000000	279,920000	3,340000	19,030000	0,000000	1314,000000
0,000000	279,720000	3,340000	19,030000	0,000000	1314,000000
0,000000	280,040000	3,340000	19,030000	0,000000	1314,000000
0,000000	280,260000	3,340000	19,030000	0,000000	1314,000000
0,000000	280,480000	3,340000	19,030000	0,000000	1314,000000
0,000000	280,480000	3,340000	19,030000	0,000000	1314,000000
0,000000	280,820000	3,340000	19,030000	0,000000	1314,000000
0,000000	280,780000	3,340000	19,030000	0,000000	1314,000000
0,000000	280,780000	3,340000	19,030000	0,000000	1314,000000
0,000000	280,320000	3,340000	19,030000	0,000000	1314,000000
0,000000	280,840000	3,340000	19,030000	0,000000	1314,000000
0,000000	280,880000	3,340000	19,030000	0,000000	1314,000000
0,000000	280,920000	3,340000	19,030000	0,000000	1314,000000
0,000000	281,180000	3,340000	19,030000	0,000000	1314,000000
0,000000	280,780000	3,340000	19,030000	0,000000	1314,000000
0,000000	281,320000	3,340000	19,030000	0,000000	1314,000000
0,000000	280,960000	3,340000	19,030000	0,000000	1314,000000
0,000000	280,940000	3,340000	19,030000	0,000000	1314,000000
0,000000	281,060000	3,340000	19,030000	0,000000	1314,000000
0,000000	281,420000	3,340000	19,030000	0,000000	1314,000000
0,000000	280,760000	3,340000	19,030000	0,000000	1314,000000
0,000000	280,920000	3,340000	19,030000	0,000000	1314,000000
0,000000	281,220000	3,340000	19,030000	0,000000	1314,000000
0,000000	280,860000	3,340000	19,030000	0,000000	1314,000000
0,000000	280,740000	3,340000	19,030000	0,000000	1314,000000
0,000000	281,000000	3,340000	19,030000	0,000000	1314,000000
0,000000	280,840000	3,340000	19,030000	0,000000	1314,000000
0,000000	280,920000	3,340000	19,030000	0,000000	1314,000000
0,000000	281,100000	3,340000	19,030000	0,000000	1314,000000
0,000000	280,900000	3,340000	19,030000	0,000000	1314,000000
0,000000	280,700000	3,340000	19,030000	0,000000	1314,000000
0,000000	280,800000	3,340000	19,030000	0,000000	1314,000000
0,000000	280,880000	3,340000	19,030000	0,000000	1314,000000
0,000000	280,980000	3,340000	19,030000	0,000000	1314,000000
0,000000	281,160000	3,340000	19,030000	0,000000	1314,000000
0,000000	280,580000	3,340000	19,030000	0,000000	1314,000000
0,000000	280,980000	3,340000	19,030000	0,000000	1316,000000
0,000000	280,580000	3,340000	19,030000	0,000000	1316,000000
0,000000	280,660000	3,340000	19,030000	0,000000	1316,000000
0,000000	280,840000	3,340000	19,030000	0,000000	1316,000000
0,000000	280,840000	3,340000	19,030000	0,000000	1316,000000
0,000000	280,840000	3,340000	19,030000	0,000000	1316,000000
0,000000	281,160000	3,340000	19,030000	0,000000	1316,000000
0,000000	281,040000	3,340000	19,030000	0,000000	1316,000000
0,000000	280,980000	3,340000	19,030000	0,000000	1316,000000
0,000000	281,220000	3,340000	19,030000	0,000000	1316,000000
0,000000	281,420000	3,340000	19,030000	0,000000	1316,000000
0,000000	281,400000	3,340000	19,030000	0,000000	1316,000000
0,000000	281,020000	3,340000	19,030000	0,000000	1316,000000
0,000000	281,680000	3,340000	19,030000	0,000000	1316,000000
0,000000	281,380000	3,340000	19,030000	0,000000	1316,000000
0,000000	281,720000	3,340000	19,030000	0,000000	1316,000000
0,000000	281,400000	3,340000	19,030000	0,000000	1316,000000
0,000000	281,000000	3,340000	19,030000	0,000000	1316,000000
0,000000	281,580000	3,340000	19,030000	0,000000	1316,000000
0,000000	281,300000	3,340000	19,030000	0,000000	1316,000000
0,000000	280,880000	3,340000	19,030000	0,000000	1316,000000
0,000000	281,340000	3,340000	19,030000	0,000000	1316,000000
0,000000	281,100000	3,340000	19,030000	0,000000	1316,000000
0,000000	281,120000	3,340000	19,030000	0,000000	1316,000000
0,000000	280,560000	3,340000	19,030000	0,000000	1316,000000
0,000000	281,620000	3,340000	19,030000	0,000000	1316,000000
0,000000	281,340000	3,340000	19,030000	0,000000	1316,000000
0,000000	281,000000	3,340000	19,030000	0,000000	1316,000000
0,000000	280,920000	3,340000	19,030000	0,000000	1316,000000
0,000000	281,180000	3,340000	19,030000	0,000000	1316,000000
0,000000	281,060000	3,340000	19,030000	0,000000	1316,000000
0,000000	281,040000	3,340000	19,030000	0,000000	1316,000000
0,000000	281,300000	3,340000	19,030000	0,000000	1316,000000
0,000000	281,140000	3,340000	19,030000	0,000000	1316,000000
0,000000	281,580000	3,340000	19,030000	0,000000	1316,000000
0,000000	281,580000	3,340000	19,030000	0,000000	1316,000000
0,000000	281,660000	3,340000	19,030000	0,000000	1316,000000
0,000000	281,520000	3,340000	19,030000	0,000000	1316,000000
0,000000	281,860000	3,340000	19,030000	0,000000	1316,000000
0,000000	281,700000	3,340000	19,030000	0,000000	1316,000000
0,000000	281,980000	3,340000	19,030000	0,000000	1316,000000
0,000000	282,220000	3,340000	19,030000	0,000000	1316,000000
0,000000	282,540000	3,340000	19,030000	0,000000	1316,000000
0,000000	282,020000	3,340000	19,030000	0,000000	1316,000000
0,000000	281,660000	3,340000	19,030000	0,000000	1316,000000
0,000000	281,880000	3,340000	19,030000	0,000000	1316,000000
0,000000	281,520000	3,340000	19,030000	0,000000	1316,000000
0,000000	280,980000	3,340000	19,030000	0,000000	1316,000000
0,000000	281,140000	3,340000	19,030000	0,000000	1316,000000
0,000000	280,960000	3,340000	19,030000	0,000000	1316,000000
0,000000	280,800000	3,340000	19,030000	0,000000	1316,000000
0,000000	280,960000	3,340000	19,030000	0,000000	1316,000000
0,000000	280,740000	3,340000	19,030000	0,000000	1316,000000
0,000000	280,660000	3,340000	19,030000	0,000000	1316,000000
0,000000	280,200000	3,340000	19,030000	0,000000	1316,000000
0,000000	280,440000	3,340000	19,030000	0,000000	1316,000000
0,000000	280,120000	3,340000	19,030000	0,000000	1316,000000
0,000000	280,660000	3,340000	19,030000	0,000000	1316,000000
0,000000	280,380000	3,340000	19,030000	0,000000	1316,000000
0,000000	280,040000	3,340000	19,030000	0,000000	1316,000000
0,000000	280,360000	3,340000	19,030000	0,000000	1316,000000
0,000000	280,640000	3,340000	19,030000	0,000000	1316,000000
0,000000	279,920000	3,340000	19,030000	0,000000	1370,000000
0,000000	281,280000	3,340000	19,030000	0,000000	1370,000000
0,000000	282,200000	3,340000	19,030000	0,000000	1370,000000
0,000000	285,660000	3,340000	19,030000	0,000000	1370,000000
0,000000	287,320000	3,340000	19,030000	0,000000	1370,000000
0,000000	287,320000	3,340000	19,030000	0,000000	1370,000000
0,000000	289,660000	3,340000	19,030000	0,000000	1370,000000
0,000000	293,080000	3,340000	19,030000	0,000000	1370,000000
0,000000	296,580000	3,340000	19,030000	0,000000	1370,000000
0,000000	299,280000	3,340000	19,030000	0,000000	1370,000000
0,000000	301,220000	3,340000	19,030000	0,000000	1370,000000
0,000000	304,640000	3,340000	19,030000	0,000000	1370,000000
0,000000	306,580000	3,340000	19,030000	0,000000	1370,000000
0,000000	309,200000	3,340000	19,030000	0,000000	1370,000000
0,000000	310,740000	3,340000	19,030000	0,000000	1370,000000
0,000000	312,680000	3,340000	19,030000	0,000000	1370,000000
0,000000	314,540000	3,340000	19,030000	0,000000	1370,000000
0,000000	317,000000	3,340000	19,030000	0,000000	1370,000000
0,000000	318,200000	3,340000	19,030000	0,000000	1370,000000
0,000000	319,700000	3,340000	19,030000	0,000000	1370,000000
0,000000	321,120000	3,340000	19,030000	0,000000	1370,000000
0,000000	323,220000	3,340000	19,030000	0,000000	1370,000000
0,000000	324,340000	3,340000	19,030000	0,000000	1370,000000
0,000000	325,820000	3,340000	19,030000	0,000000	1370,000000
0,000000	326,540000	3,340000	19,030000	0,000000	1370,000000
0,000000	327,760000	3,340000	19,030000	0,000000	1370,000000
0,000000	329,200000	3,340000	19,030000	0,000000	1370,000000
0,000000	330,100000	3,340000	19,030000	0,000000	1370,000000
0,000000	330,760000	3,340000	19,030000	0,000000	1370,000000
0,000000	331,600000	3,340000	19,030000	0,000000	1370,000000
0,000000	332,940000	3,340000	19,030000	0,000000	1370,000000
0,000000	332,800000	3,340000	19,030000	0,000000	1370,000000
0,000000	334,140000	3,340000	19,030000	0,000000	1370,000000
0,000000	334,960000	3,340000	19,030000	0,000000	1370,000000
0,000000	335,080000	3,340000	19,030000	0,000000	1370,000000
0,000000	336,000000	3,340000	19,030000	0,000000	1370,000000
0,000000	336,000000	3,340000	19,030000	0,000000	1370,000000
0,000000	337,160000	3,340000	19,030000	0,000000	1370,000000
0,000000	338,260000	3,340000	19,030000	0,000000	1370,000000
0,000000	338,380000	3,340000	19,030000	0,000000	1370,000000
0,000000	339,000000	3,340000	19,030000	0,000000	1370,000000
0,000000	339,880000	3,340000	19,030000	0,000000	1370,000000
0,000000	340,200000	3,340000	19,030000	0,000000	1370,000000
0,000000	340,560000	3,340000	19,030000	0,000000	1370,000000
0,000000	340,940000	3,340000	19,030000	0,000000	1370,000000
0,000000	340,800000	3,340000	19,030000	0,000000	1370,000000
0,000000	341,560000	3,340000	19,030000	0,000000	1370,000000
0,000000	341,860000	3,340000	19,030000	0,000000	1370,000000
0,000000	341,940000	3,340000	19,030000	0,000000	1370,000000
0,000000	342,080000	3,340000	19,030000	0,000000	1370,000000
0,000000	342,800000	3,340000	19,030000	0,000000	1370,000000
0,000000	342,660000	3,340000	19,030000	0,000000	1370,000000
0,000000	342,900000	3,340000	19,030000	0,000000	1370,000000
0,000000	342,980000	3,340000	19,030000	0,000000	1370,000000
0,000000	343,140000	3,340000	19,030000	0,000000	1370,000000
0,000000	343,780000	3,340000	19,030000	0,000000	1370,000000
0,000000	343,900000	3,340000	19,030000	0,000000	1370,000000
0,000000	343,960000	3,340000	19,030000	0,000000	1370,000000
0,000000	343,580000	3,340000	19,030000	0,000000	1370,000000
0,000000	344,340000	3,340000	19,030000	0,000000	1370,000000
0,000000	344,060000	3,340000	19,030000	0,000000	1370,000000
0,000000	344,220000	3,340000	19,030000	0,000000	1305,000000
0,000000	344,560000	3,340000	19,030000	0,000000	1305,000000
0,000000	342,280000	3,340000	19,030000	0,000000	1305,000000
0,000000	340,580000	3,340000	19,030000	0,000000	1305,000000
0,000000	339,400000	3,340000	19,030000	0,000000	1305,000000
0,000000	334,720000	3,340000	19,030000	0,000000	1305,000000
0,000000	334,720000	3,340000	19,030000	0,000000	1305,000000
0,000000	332,860000	3,340000	19,030000	0,000000	1305,000000
0,000000	330,100000	3,340000	19,030000	0,000000	1305,000000
0,000000	325,200000	3,340000	19,030000	0,000000	1305,000000
0,000000	322,660000	3,340000	19,030000	0,000000	1305,000000
0,000000	320,400000	3,340000	19,030000	0,000000	1305,000000
0,000000	317,300000	3,340000	19,030000	0,000000	1305,000000
0,000000	314,980000	3,340000	19,030000	0,000000	1305,000000
0,000000	310,520000	3,340000	19,030000	0,000000	1305,000000
0,000000	308,040000	3,340000	19,030000	0,000000	1305,000000
0,000000	305,620000	3,340000	19,030000	0,000000	1305,000000
0,000000	303,500000	3,340000	19,030000	0,000000	1305,000000
0,000000	301,220000	3,340000	19,030000	0,000000	1305,000000
0,000000	297,420000	3,340000	19,030000	0,000000	1305,000000
0,000000	296,180000	3,340000	19,030000	0,000000	1305,000000
0,000000	294,880000	3,340000	19,030000	0,000000	1305,000000
0,000000	292,740000	3,340000	19,030000	0,000000	1305,000000
0,000000	292,140000	3,340000	19,030000	0,000000	1305,000000
0,000000	289,680000	3,340000	19,030000	0,000000	1305,000000
0,000000	288,180000	3,340000	19,030000	0,000000	1305,000000
0,000000	286,940000	3,340000	19,030000	0,000000	1305,000000
0,000000	285,680000	3,340000	19,030000	0,000000	1305,000000
0,000000	284,980000	3,340000	19,030000	0,000000	1305,000000
0,000000	284,120000	3,340000	19,030000	0,000000	1305,000000
0,000000	281,760000	3,340000	19,030000	0,000000	1305,000000
0,000000	281,780000	3,340000	19,030000	0,000000	1305,000000
0,000000	281,120000	3,340000	19,030000	0,000000	1305,000000
0,000000	279,780000	3,340000	19,030000	0,000000	1305,000000
0,000000	279,840000	3,340000	19,030000	0,000000	1305,000000
0,000000	278,660000	3,340000	19,030000	0,000000	1305,000000
0,000000	278,240000	3,340000	19,030000	0,000000	1305,000000
0,000000	278,240000	3,340000	19,030000	0,000000	1305,000000
0,000000	276,980000	3,340000	19,030000	0,000000	1305,000000
0,000000	277,540000	3,340000	19,030000	0,000000	1305,000000
0,000000	277,280000	3,340000	19,030000	0,000000	1305,000000
0,000000	277,000000	3,340000	19,030000	0,000000	1305,000000
0,000000	276,220000	3,340000	19,030000	0,000000	1305,000000
0,000000	275,760000	3,340000	19,030000	0,000000	1305,000000
0,000000	275,420000	3,340000	19,030000	0,000000	1305,000000
0,000000	275,080000	3,340000	19,030000	0,000000	1305,000000
0,000000	274,840000	3,340000	19,030000	0,000000	1305,000000
0,000000	274,560000	3,340000	19,030000	0,000000	1305,000000
0,000000	274,120000	3,340000	19,030000	0,000000	1305,000000
0,000000	274,020000	3,340000	19,030000	0,000000	1305,000000
0,000000	273,080000	3,340000	19,030000	0,000000	1305,000000
0,000000	273,500000	3,340000	19,030000	0,000000	1305,000000
0,000000	273,260000	3,340000	19,030000	0,000000	1305,000000
0,000000	272,940000	3,340000	19,030000	0,000000	1305,000000
0,000000	272,320000	3,340000	19,030000	0,000000	1305,000000
0,000000	271,920000	3,340000	19,030000	0,000000	1305,000000
0,000000	271,960000	3,340000	19,030000	0,000000	1305,000000
0,000000	272,360000	3,340000	19,030000	0,000000	1305,000000
0,000000	271,920000	3,340000	19,030000	0,000000	1305,000000
0,000000	271,980000	3,340000	19,030000	0,000000	1305,000000
0,000000	272,040000	3,340000	19,030000	0,000000	1305,000000
0,000000	272,140000	3,340000	19,030000	0,000000	1360,000000
0,000000	272,220000	3,340000	19,030000	0,000000	1360,000000
0,000000	273,900000	3,340000	19,030000	0,000000	1360,000000
0,000000	275,340000	3,340000	19,030000	0,000000	1360,000000
0,000000	278,200000	3,340000	19,030000	0,000000	1360,000000
0,000000	282,440000	3,340000	19,030000	0,000000	1360,000000
0,000000	284,160000	3,340000	19,030000	0,000000	1360,000000
0,000000	287,140000	3,340000	19,030000	0,000000	1360,000000
0,000000	287,140000	3,340000	19,030000	0,000000	1360,000000
0,000000	290,660000	3,340000	19,030000	0,000000	1360,000000
0,000000	293,300000	3,340000	19,030000	0,000000	1360,000000
0,000000	297,220000	3,340000	19,030000	0,000000	1360,000000
0,000000	299,560000	3,340000	19,030000	0,000000	1360,000000
0,000000	303,640000	3,340000	19,030000	0,000000	1360,000000
0,000000	304,400000	3,340000	19,030000	0,000000	1360,000000
0,000000	307,420000	3,340000	19,030000	0,000000	1360,000000
0,000000	309,200000	3,340000	19,030000	0,000000	1360,000000
0,000000	311,220000	3,340000	19,030000	0,000000	1360,000000
0,000000	312,820000	3,340000	19,030000	0,000000	1360,000000
0,000000	314,420000	3,340000	19,030000	0,000000	1360,000000
0,000000	316,000000	3,340000	19,030000	0,000000	1360,000000
0,000000	317,900000	3,340000	19,030000	0,000000	1360,000000
0,000000	319,180000	3,340000	19,030000	0,000000	1360,000000
0,000000	320,580000	3,340000	19,030000	0,000000	1360,000000
0,000000	322,060000	3,340000	19,030000	0,000000	1360,000000
0,000000	323,360000	3,340000	19,030000	0,000000	1360,000000
0,000000	324,620000	3,340000	19,030000	0,000000	1360,000000
0,000000	324,980000	3,340000	19,030000	0,000000	1360,000000
0,000000	326,900000	3,340000	19,030000	0,000000	1360,000000
0,000000	327,360000	3,340000	19,030000	0,000000	1360,000000
0,000000	328,400000	3,340000	19,030000	0,000000	1360,000000
0,000000	328,900000	3,340000	19,030000	0,000000	1360,000000
0,000000	329,560000	3,340000	19,030000	0,000000	1360,000000
0,000000	330,440000	3,340000	19,030000	0,000000	1360,000000
0,000000	330,900000	3,340000	19,030000	0,000000	1360,000000
0,000000	331,280000	3,340000	19,030000	0,000000	1360,000000
0,000000	331,880000	3,340000	19,030000	0,000000	1360,000000
0,000000	332,100000	3,340000	19,030000	0,000000	1360,000000
0,000000	333,160000	3,340000	19,030000	0,000000	1360,000000
0,000000	333,840000	3,340000	19,030000	0,000000	1360,000000
0,000000	333,840000	3,340000	19,030000	0,000000	1360,000000
0,000000	334,300000	3,340000	19,030000	0,000000	1360,000000
0,000000	335,180000	3,340000	19,030000	0,000000	1360,000000
0,000000	335,440000	3,340000	19,030000	0,000000	1360,000000
0,000000	335,820000	3,340000	19,030000	0,000000	1360,000000
0,000000	336,080000	3,340000	19,030000	0,000000	1360,000000
0,000000	335,940000	3,340000	19,030000	0,000000	1360,000000
0,000000	336,360000	3,340000	19,030000	0,000000	1360,000000
0,000000	336,660000	3,340000	19,030000	0,000000	1360,000000
0,000000	336,960000	3,340000	19,030000	0,000000	1360,000000
0,000000	336,600000	3,340000	19,030000	0,000000	1360,000000
0,000000	336,380000	3,340000	19,030000	0,000000	1360,000000
0,000000	336,920000	3,340000	19,030000	0,000000	1360,000000
0,000000	336,820000	3,340000	19,030000	0,000000	1360,000000
0,000000	337,180000	3,340000	19,030000	0,000000	1360,000000
0,000000	337,060000	3,340000	19,030000	0,000000	1360,000000
0,000000	337,400000	3,340000	19,030000	0,000000	1360,000000
0,000000	337,640000	3,340000	19,030000	0,000000	1360,000000
0,000000	337,420000	3,340000	19,030000	0,000000	1360,000000
0,000000	337,240000	3,340000	19,030000	0,000000	1360,000000
0,000000	337,560000	3,340000	19,030000	0,000000	1360,000000
0,000000	337,820000	3,340000	19,030000	0,000000	1306,000000
0,000000	337,160000	3,340000	19,030000	0,000000	1306,000000
0,000000	335,660000	3,340000	19,030000	0,000000	1306,000000
0,000000	333,280000	3,340000	19,030000	0,000000	1306,000000
0,000000	328,880000	3,340000	19,030000	0,000000	1306,000000
0,000000	327,060000	3,340000	19,030000	0,000000	1306,000000
0,000000	323,860000	3,340000	19,030000	0,000000	1306,000000
0,000000	319,380000	3,340000	19,030000	0,000000	1306,000000
0,000000	317,780000	3,340000	19,030000	0,000000	1306,000000
0,000000	315,040000	3,340000	19,030000	0,000000	1306,000000
0,000000	315,040000	3,340000	19,030000	0,000000	1306,000000
0,000000	313,020000	3,340000	19,030000	0,000000	1306,000000
0,000000	309,740000	3,340000	19,030000	0,000000	1306,000000
0,000000	305,760000	3,340000	19,030000	0,000000	1306,000000
0,000000	304,620000	3,340000	19,030000	0,000000	1306,000000
0,000000	302,560000	3,340000	19,030000	0,000000	1306,000000
0,000000	300,820000	3,340000	19,030000	0,000000	1306,000000
0,000000	297,960000	3,340000	19,030000	0,000000	1306,000000
0,000000	294,460000	3,340000	19,030000	0,000000	1306,000000
0,000000	291,420000	3,340000	19,030000	0,000000	1306,000000
0,000000	288,620000	3,340000	19,030000	0,000000	1306,000000
0,000000	286,180000	3,340000	19,030000	0,000000	1306,000000
0,000000	283,780000	3,340000	19,030000	0,000000	1306,000000
0,000000	282,480000	3,340000	19,030000	0,000000	1306,000000
0,000000	280,900000	3,340000	19,030000	0,000000	1306,000000
0,000000	279,620000	3,340000	19,030000	0,000000	1306,000000
0,000000	278,240000	3,340000	19,030000	0,000000	1306,000000
0,000000	277,960000	3,340000	19,030000	0,000000	1306,000000
0,000000	277,120000	3,340000	19,030000	0,000000	1306,000000
0,000000	276,100000	3,340000	19,030000	0,000000	1306,000000
0,000000	275,220000	3,340000	19,030000	0,000000	1306,000000
0,000000	274,120000	3,340000	19,030000	0,000000	1306,000000
0,000000	274,020000	3,340000	19,030000	0,000000	1306,000000
0,000000	273,980000	3,340000	19,030000	0,000000	1306,000000
0,000000	273,320000	3,340000	19,030000	0,000000	1306,000000
0,000000	272,460000	3,340000	19,030000	0,000000	1306,000000
0,000000	272,440000	3,340000	19,030000	0,000000	1306,000000
0,000000	272,100000	3,340000	19,030000	0,000000	1306,000000
0,000000	272,040000	3,340000	19,030000	0,000000	1306,000000
0,000000	271,820000	3,340000	19,030000	0,000000	1306,000000
0,000000	271,800000	3,340000	19,030000	0,000000	1306,000000
0,000000	271,540000	3,340000	19,030000	0,000000	1306,000000
0,000000	271,540000	3,340000	19,030000	0,000000	1306,000000
0,000000	270,980000	3,340000	19,030000	0,000000	1306,000000
0,000000	271,180000	3,340000	19,030000	0,000000	1306,000000
0,000000	271,200000	3,340000	19,030000	0,000000	1306,000000
0,000000	270,880000	3,340000	19,030000	0,000000	1306,000000
0,000000	271,140000	3,340000	19,030000	0,000000	1306,000000
0,000000	270,940000	3,340000	19,030000	0,000000	1306,000000
0,000000	271,620000	3,340000	19,030000	0,000000	1306,000000
0,000000	270,300000	3,340000	19,030000	0,000000	1306,000000
0,000000	270,480000	3,340000	19,030000	0,000000	1306,000000
0,000000	270,640000	3,340000	19,030000	0,000000	1306,000000
0,000000	269,740000	3,340000	19,030000	0,000000	1306,000000
0,000000	269,940000	3,340000	19,030000	0,000000	1306,000000
0,000000	270,180000	3,340000	19,030000	0,000000	1306,000000
0,000000	269,740000	3,340000	19,030000	0,000000	1306,000000
0,000000	269,900000	3,340000	19,030000	0,000000	1306,000000
0,000000	269,560000	3,340000	19,030000	0,000000	1306,000000
0,000000	269,280000	3,340000	19,030000	0,000000	1306,000000
0,000000	269,220000	3,340000	19,030000	0,000000	1302,000000
0,000000	269,680000	3,340000	19,030000	0,000000	1302,000000
0,000000	269,740000	3,340000	19,030000	0,000000	1302,000000
0,000000	269,680000	3,340000	19,030000	0,000000	1302,000000
0,000000	268,880000	3,340000	19,030000	0,000000	1302,000000
0,000000	269,020000	3,340000	19,030000	0,000000	1302,000000
0,000000	268,920000	3,340000	19,030000	0,000000	1302,000000
0,000000	268,520000	3,340000	19,030000	0,000000	1302,000000
0,000000	268,820000	3,340000	19,030000	0,000000	1302,000000
0,000000	268,580000	3,340000	19,030000	0,000000	1302,000000
0,000000	267,760000	3,340000	19,030000	0,000000	1302,000000
0,000000	267,620000	3,340000	19,030000	0,000000	1302,000000
0,000000	267,620000	3,340000	19,030000	0,000000	1302,000000
0,000000	267,860000	3,340000	19,030000	0,000000	1302,000000
0,000000	267,940000	3,340000	19,030000	0,000000	1302,000000
0,000000	268,060000	3,340000	19,030000	0,000000	1302,000000
0,000000	267,900000	3,340000	19,030000	0,000000	1302,000000
0,000000	267,320000	3,340000	19,030000	0,000000	1302,000000
0,000000	267,100000	3,340000	19,030000	0,000000	1302,000000
0,000000	267,300000	3,340000	19,030000	0,000000	1302,000000
0,000000	267,020000	3,340000	19,030000	0,000000	1302,000000
0,000000	267,080000	3,340000	19,030000	0,000000	1302,000000
0,000000	267,080000	3,340000	19,030000	0,000000	1302,000000
0,000000	267,060000	3,340000	19,030000	0,000000	1302,000000
0,000000	266,480000	3,340000	19,030000	0,000000	1302,000000
0,000000	266,920000	3,340000	19,030000	0,000000	1302,000000
0,000000	267,160000	3,340000	19,030000	0,000000	1302,000000
0,000000	266,920000	3,340000	19,030000	0,000000	1302,000000
0,000000	266,260000	3,340000	19,030000	0,000000	1302,000000
0,000000	266,600000	3,340000	19,030000	0,000000	1302,000000
0,000000	266,520000	3,340000	19,030000	0,000000	1302,000000
0,000000	266,820000	3,340000	19,030000	0,000000	1302,000000
0,000000	266,620000	3,340000	19,030000	0,000000	1302,000000
0,000000	266,640000	3,340000	19,030000	0,000000	1302,000000
0,000000	266,700000	3,340000	19,030000	0,000000	1302,000000
0,000000	266,500000	3,340000	19,030000	0,000000	1302,000000
0,000000	266,420000	3,340000	19,030000	0,000000	1302,000000
0,000000	266,260000	3,340000	19,030000	0,000000	1302,000000
0,000000	266,600000	3,340000	19,030000	0,000000	1302,000000
0,000000	266,440000	3,340000	19,030000	0,000000	1302,000000
0,000000	266,180000	3,340000	19,030000	0,000000	1302,000000
0,000000	266,340000	3,340000	19,030000	0,000000	1302,000000
0,000000	266,380000	3,340000	19,030000	0,000000	1302,000000
0,000000	266,380000	3,340000	19,030000	0,000000	1302,000000
0,000000	266,380000	3,340000	19,030000	0,000000	1302,000000
0,000000	266,520000	3,340000	19,030000	0,000000	1302,000000
0,000000	266,180000	3,340000	19,030000	0,000000	1302,000000
0,000000	266,220000	3,340000	19,030000	0,000000	1302,000000
0,000000	266,260000	3,340000	19,030000	0,000000	1302,000000
0,000000	266,160000	3,340000	19,030000	0,000000	1302,000000
0,000000	266,380000	3,340000	19,030000	0,000000	1302,000000
0,000000	266,980000	3,340000	19,030000	0,000000	1302,000000
0,000000	266,740000	3,340000	19,030000	0,000000	1302,000000
0,000000	266,860000	3,340000	19,030000	0,000000	1302,000000
0,000000	266,240000	3,340000	19,030000	0,000000	1302,000000
0,000000	266,420000	3,340000	19,030000	0,000000	1302,000000
0,000000	266,120000	3,340000	19,030000	0,000000	1302,000000
0,000000	266,580000	3,340000	19,030000	0,000000	1302,000000
0,000000	266,460000	3,340000	19,030000	0,000000	1302,000000
0,000000	266,440000	3,340000	19,030000	0,000000	1302,000000
0,000000	266,300000	3,340000	19,030000	0,000000	1302,000000
0,000000	266,500000	3,340000	19,030000	0,000000	1372,000000
0,000000	266,760000	3,340000	19,030000	0,000000	1372,000000
0,000000	270,320000	3,340000	19,030000	0,000000	1372,000000
0,000000	273,660000	3,340000	19,030000	0,000000	1372,000000
0,000000	278,420000	3,340000	19,030000	0,000000	1372,000000
0,000000	284,680000	3,340000	19,030000	0,000000	1372,000000
0,000000	288,520000	3,340000	19,030000	0,000000	1372,000000
0,000000	294,300000	3,340000	19,030000	0,000000	1372,000000
0,000000	297,840000	3,340000	19,030000	0,000000	1372,000000
0,000000	303,020000	3,340000	19,030000	0,000000	1372,000000
0,000000	307,400000	3,340000	19,030000	0,000000	1372,000000
0,000000	311,960000	3,340000	19,030000	0,000000	1372,000000
0,000000	315,580000	3,340000	19,030000	0,000000	1372,000000
0,000000	320,740000	3,340000	19,030000	0,000000	1372,000000
0,000000	320,740000	3,340000	19,030000	0,000000	1372,000000
0,000000	323,760000	3,340000	19,030000	0,000000	1372,000000
0,000000	327,640000	3,340000	19,030000	0,000000	1372,000000
0,000000	329,580000	3,340000	19,030000	0,000000	1372,000000
0,000000	332,900000	3,340000	19,030000	0,000000	1372,000000
0,000000	333,840000	3,340000	19,030000	0,000000	1372,000000
0,000000	336,200000	3,340000	19,030000	0,000000	1372,000000
0,000000	337,380000	3,340000	19,030000	0,000000	1372,000000
0,000000	338,680000	3,340000	19,030000	0,000000	1372,000000
0,000000	339,700000	3,340000	19,030000	0,000000	1372,000000
0,000000	340,660000	3,340000	19,030000	0,000000	1372,000000
0,000000	341,620000	3,340000	19,030000	0,000000	1372,000000
0,000000	341,780000	3,340000	19,030000	0,000000	1372,000000
0,000000	343,320000	3,340000	19,030000	0,000000	1372,000000
0,000000	344,080000	3,340000	19,030000	0,000000	1372,000000
0,000000	344,720000	3,340000	19,030000	0,000000	1372,000000
0,000000	344,980000	3,340000	19,030000	0,000000	1372,000000
0,000000	346,000000	3,340000	19,030000	0,000000	1372,000000
0,000000	345,980000	3,340000	19,030000	0,000000	1372,000000
0,000000	345,960000	3,340000	19,030000	0,000000	1372,000000
0,000000	346,360000	3,340000	19,030000	0,000000	1372,000000
0,000000	346,720000	3,340000	19,030000	0,000000	1372,000000
0,000000	346,940000	3,340000	19,030000	0,000000	1372,000000
0,000000	347,260000	3,340000	19,030000	0,000000	1372,000000
0,000000	347,140000	3,340000	19,030000	0,000000	1372,000000
0,000000	347,560000	3,340000	19,030000	0,000000	1372,000000
0,000000	348,140000	3,340000	19,030000	0,000000	1372,000000
0,000000	347,980000	3,340000	19,030000	0,000000	1372,000000
0,000000	348,800000	3,340000	19,030000	0,000000	1372,000000
0,000000	348,680000	3,340000	19,030000	0,000000	1372,000000
0,000000	349,460000	3,340000	19,030000	0,000000	1372,000000
0,000000	349,080000	3,340000	19,030000	0,000000	1372,000000
0,000000	349,080000	3,340000	19,030000	0,000000	1372,000000
0,000000	349,400000	3,340000	19,030000	0,000000	1372,000000
0,000000	349,360000	3,340000	19,030000	0,000000	1372,000000
0,000000	349,980000	3,340000	19,030000	0,000000	1372,000000
0,000000	350,180000	3,340000	19,030000	0,000000	1372,000000
0,000000	350,480000	3,340000	19,030000	0,000000	1372,000000
0,000000	350,740000	3,340000	19,030000	0,000000	1372,000000
0,000000	350,600000	3,340000	19,030000	0,000000	1372,000000
0,000000	351,060000	3,340000	19,030000	0,000000	1372,000000
0,000000	350,960000	3,340000	19,030000	0,000000	1372,000000
0,000000	350,980000	3,340000	19,030000	0,000000	1372,000000
0,000000	350,660000	3,340000	19,030000	0,000000	1372,000000
0,000000	350,680000	3,340000	19,030000	0,000000	1372,000000
0,000000	350,740000	3,340000	19,030000	0,000000	1372,000000
0,000000	350,660000	3,340000	19,030000	0,000000	1370,000000
0,000000	350,980000	3,340000	19,030000	0,000000	1370,000000
0,000000	350,680000	3,340000	19,030000	0,000000	1370,000000
0,000000	350,700000	3,340000	19,030000	0,000000	1370,000000
0,000000	350,260000	3,340000	19,030000	0,000000	1370,000000
0,000000	350,280000	3,340000	19,030000	0,000000	1370,000000
0,000000	350,620000	3,340000	19,030000	0,000000	1370,000000
0,000000	350,280000	3,340000	19,030000	0,000000	1370,000000
0,000000	350,940000	3,340000	19,030000	0,000000	1370,000000
0,000000	349,940000	3,340000	19,030000	0,000000	1370,000000
0,000000	349,960000	3,340000	19,030000	0,000000	1370,000000
0,000000	349,760000	3,340000	19,030000	0,000000	1370,000000
0,000000	350,320000	3,340000	19,030000	0,000000	1370,000000
0,000000	349,280000	3,340000	19,030000	0,000000	1370,000000
0,000000	349,640000	3,340000	19,030000	0,000000	1370,000000
0,000000	349,460000	3,340000	19,030000	0,000000	1370,000000
0,000000	349,460000	3,340000	19,030000	0,000000	1370,000000
0,000000	349,920000	3,340000	19,030000	0,000000	1370,000000
0,000000	349,740000	3,340000	19,030000	0,000000	1370,000000
0,000000	349,980000	3,340000	19,030000	0,000000	1370,000000
0,000000	349,660000	3,340000	19,030000	0,000000	1370,000000
0,000000	349,960000	3,340000	19,030000	0,000000	1370,000000
0,000000	349,580000	3,340000	19,030000	0,000000	1370,000000
0,000000	349,140000	3,340000	19,030000	0,000000	1370,000000
0,000000	349,600000	3,340000	19,030000	0,000000	1370,000000
0,000000	349,360000	3,340000	19,030000	0,000000	1370,000000
0,000000	349,160000	3,340000	19,030000	0,000000	1370,000000
0,000000	349,000000	3,340000	19,030000	0,000000	1370,000000
0,000000	349,140000	3,340000	19,030000	0,000000	1370,000000
0,000000	348,560000	3,340000	19,030000	0,000000	1370,000000
0,000000	348,940000	3,340000	19,030000	0,000000	1370,000000
0,000000	349,140000	3,340000	19,030000	0,000000	1370,000000
0,000000	349,380000	3,340000	19,030000	0,000000	1370,000000
0,000000	348,460000	3,340000	19,030000	0,000000	1370,000000
0,000000	349,120000	3,340000	19,030000	0,000000	1370,000000
0,000000	348,480000	3,340000	19,030000	0,000000	1370,000000
0,000000	348,820000	3,340000	19,030000	0,000000	1370,000000
0,000000	349,340000	3,340000	19,030000	0,000000	1370,000000
0,000000	349,340000	3,340000	19,030000	0,000000	1370,000000
0,000000	349,460000	3,340000	19,030000	0,000000	1370,000000
0,000000	349,120000	3,340000	19,030000	0,000000	1370,000000
0,000000	349,180000	3,340000	19,030000	0,000000	1370,000000
0,000000	348,680000	3,340000	19,030000	0,000000	1370,000000
0,000000	349,780000	3,340000	19,030000	0,000000	1370,000000
0,000000	348,460000	3,340000	19,030000	0,000000	1370,000000
0,000000	349,760000	3,340000	19,030000	0,000000	1370,000000
0,000000	349,760000	3,340000	19,030000	0,000000	1370,000000
0,000000	350,080000	3,340000	19,030000	0,000000	1370,000000
0,000000	350,160000	3,340000	19,030000	0,000000	1370,000000
0,000000	350,420000	3,340000	19,030000	0,000000	1370,000000
0,000000	350,100000	3,340000	19,030000	0,000000	1370,000000
0,000000	350,060000	3,340000	19,030000	0,000000	1370,000000
0,000000	350,340000	3,340000	19,030000	0,000000	1370,000000
0,000000	349,800000	3,340000	19,030000	0,000000	1370,000000
0,000000	350,920000	3,340000	19,030000	0,000000	1370,000000
0,000000	350,260000	3,340000	19,030000	0,000000	1370,000000
0,000000	350,440000	3,340000	19,030000	0,000000	1370,000000
0,000000	349,920000	3,340000	19,030000	0,000000	1370,000000
0,000000	349,940000	3,340000	19,030000	0,000000	1370,000000
0,000000	349,180000	3,340000	19,030000	0,000000	1370,000000
0,000000	349,620000	3,340000	19,030000	0,000000	1370,000000
0,000000	349,780000	3,340000	19,030000	0,000000	1307,000000
0,000000	349,120000	3,340000	19,030000	0,000000	1307,000000
0,000000	346,980000	3,340000	19,030000	0,000000	1307,000000
0,000000	343,980000	3,340000	19,030000	0,000000	1307,000000
0,000000	340,360000	3,340000	19,030000	0,000000	1307,000000
0,000000	336,640000	3,340000	19,030000	0,000000	1307,000000
0,000000	331,960000	3,340000	19,030000	0,000000	1307,000000
0,000000	327,880000	3,340000	19,030000	0,000000	1307,000000
0,000000	324,240000	3,340000	19,030000	0,000000	1307,000000
0,000000	319,140000	3,340000	19,030000	0,000000	1307,000000
0,000000	316,160000	3,340000	19,030000	0,000000	1307,000000
0,000000	312,760000	3,340000	19,030000	0,000000	1307,000000
0,000000	310,000000	3,340000	19,030000	0,000000	1307,000000
0,000000	306,740000	3,340000	19,030000	0,000000	1307,000000
0,000000	302,820000	3,340000	19,030000	0,000000	1307,000000
0,000000	300,700000	3,340000	19,030000	0,000000	1307,000000
0,000000	299,200000	3,340000	19,030000	0,000000	1307,000000
0,000000	299,200000	3,340000	19,030000	0,000000	1307,000000
0,000000	296,900000	3,340000	19,030000	0,000000	1307,000000
0,000000	295,180000	3,340000	19,030000	0,000000	1307,000000
0,000000	292,700000	3,340000	19,030000	0,000000	1307,000000
0,000000	291,500000	3,340000	19,030000	0,000000	1307,000000
0,000000	290,200000	3,340000	19,030000	0,000000	1307,000000
0,000000	289,180000	3,340000	19,030000	0,000000	1307,000000
0,000000	288,160000	3,340000	19,030000	0,000000	1307,000000
0,000000	286,060000	3,340000	19,030000	0,000000	1307,000000
0,000000	285,320000	3,340000	19,030000	0,000000	1307,000000
0,000000	283,740000	3,340000	19,030000	0,000000	1307,000000
0,000000	283,160000	3,340000	19,030000	0,000000	1307,000000
0,000000	282,400000	3,340000	19,030000	0,000000	1307,000000
0,000000	281,980000	3,340000	19,030000	0,000000	1307,000000
0,000000	281,280000	3,340000	19,030000	0,000000	1307,000000
0,000000	280,900000	3,340000	19,030000	0,000000	1307,000000
0,000000	280,020000	3,340000	19,030000	0,000000	1307,000000
0,000000	279,660000	3,340000	19,030000	0,000000	1307,000000
0,000000	278,800000	3,340000	19,030000	0,000000	1307,000000
0,000000	278,100000	3,340000	19,030000	0,000000	1307,000000
0,000000	278,120000	3,340000	19,030000	0,000000	1307,000000
0,000000	277,260000	3,340000	19,030000	0,000000	1307,000000
0,000000	277,020000	3,340000	19,030000	0,000000	1307,000000
0,000000	276,820000	3,340000	19,030000	0,000000	1307,000000
0,000000	276,060000	3,340000	19,030000	0,000000	1307,000000
0,000000	275,560000	3,340000	19,030000	0,000000	1307,000000
0,000000	275,740000	3,340000	19,030000	0,000000	1307,000000
0,000000	274,620000	3,340000	19,030000	0,000000	1307,000000
0,000000	275,140000	3,340000	19,030000	0,000000	1307,000000
0,000000	274,560000	3,340000	19,030000	0,000000	1307,000000
0,000000	274,160000	3,340000	19,030000	0,000000	1307,000000
0,000000	274,160000	3,340000	19,030000	0,000000	1307,000000
0,000000	273,780000	3,340000	19,030000	0,000000	1307,000000
0,000000	274,120000	3,340000	19,030000	0,000000	1307,000000
0,000000	274,180000	3,340000	19,030000	0,000000	1307,000000
0,000000	274,080000	3,340000	19,030000	0,000000	1307,000000
0,000000	273,620000	3,340000	19,030000	0,000000	1307,000000
0,000000	273,980000	3,340000	19,030000	0,000000	1307,000000
0,000000	273,320000	3,340000	19,030000	0,000000	1307,000000
0,000000	273,140000	3,340000	19,030000	0,000000	1307,000000
0,000000	273,020000	3,340000	19,030000	0,000000	1307,000000
0,000000	273,300000	3,340000	19,030000	0,000000	1307,000000
0,000000	272,680000	3,340000	19,030000	0,000000	1307,000000
0,000000	272,560000	3,340000	19,030000	0,000000	1307,000000
0,000000	272,300000	3,340000	19,030000	0,000000	1371,000000
0,000000	272,760000	3,340000	19,030000	0,000000	1371,000000
0,000000	275,320000	3,340000	19,030000	0,000000	1371,000000
0,000000	277,080000	3,340000	19,030000	0,000000	1371,000000
0,000000	279,840000	3,340000	19,030000	0,000000	1371,000000
0,000000	284,360000	3,340000	19,030000	0,000000	1371,000000
0,000000	287,560000	3,340000	19,030000	0,000000	1371,000000
0,000000	292,740000	3,340000	19,030000	0,000000	1371,000000
0,000000	295,120000	3,340000	19,030000	0,000000	1371,000000
0,000000	299,860000	3,340000	19,030000	0,000000	1371,000000
0,000000	303,040000	3,340000	19,030000	0,000000	1371,000000
0,000000	306,780000	3,340000	19,030000	0,000000	1371,000000
0,000000	309,880000	3,340000	19,030000	0,000000	1371,000000
0,000000	313,520000	3,340000	19,030000	0,000000	1371,000000
0,000000	315,900000	3,340000	19,030000	0,000000	1371,000000
0,000000	318,900000	3,340000	19,030000	0,000000	1371,000000
0,000000	320,840000	3,340000	19,030000	0,000000	1371,000000
0,000000	323,440000	3,340000	19,030000	0,000000	1371,000000
0,000000	325,760000	3,340000	19,030000	0,000000	1371,000000
0,000000	325,760000	3,340000	19,030000	0,000000	1371,000000
0,000000	328,240000	3,340000	19,030000	0,000000	1371,000000
0,000000	328,900000	3,340000	19,030000	0,000000	1371,000000
0,000000	331,780000	3,340000	19,030000	0,000000	1371,000000
0,000000	332,760000	3,340000	19,030000	0,000000	1371,000000
0,000000	334,560000	3,340000	19,030000	0,000000	1371,000000
0,000000	335,120000	3,340000	19,030000	0,000000	1371,000000
0,000000	336,560000	3,340000	19,030000	0,000000	1371,000000
0,000000	337,240000	3,340000	19,030000	0,000000	1371,000000
0,000000	338,540000	3,340000	19,030000	0,000000	1371,000000
0,000000	338,260000	3,340000	19,030000	0,000000	1371,000000
0,000000	339,720000	3,340000	19,030000	0,000000	1371,000000
0,000000	339,800000	3,340000	19,030000	0,000000	1371,000000
0,000000	340,580000	3,340000	19,030000	0,000000	1371,000000
0,000000	340,920000	3,340000	19,030000	0,000000	1371,000000
0,000000	341,000000	3,340000	19,030000	0,000000	1371,000000
0,000000	341,440000	3,340000	19,030000	0,000000	1371,000000
0,000000	341,280000	3,340000	19,030000	0,000000	1371,000000
0,000000	342,180000	3,340000	19,030000	0,000000	1371,000000
0,000000	341,860000	3,340000	19,030000	0,000000	1371,000000
0,000000	343,120000	3,340000	19,030000	0,000000	1371,000000
0,000000	342,800000	3,340000	19,030000	0,000000	1371,000000
0,000000	343,420000	3,340000	19,030000	0,000000	1371,000000
0,000000	343,520000	3,340000	19,030000	0,000000	1371,000000
0,000000	344,060000	3,340000	19,030000	0,000000	1371,000000
0,000000	343,860000	3,340000	19,030000	0,000000	1371,000000
0,000000	344,040000	3,340000	19,030000	0,000000	1371,000000
0,000000	343,720000	3,340000	19,030000	0,000000	1371,000000
0,000000	344,160000	3,340000	19,030000	0,000000	1371,000000
0,000000	344,120000	3,340000	19,030000	0,000000	1371,000000
0,000000	344,120000	3,340000	19,030000	0,000000	1371,000000
0,000000	344,660000	3,340000	19,030000	0,000000	1371,000000
0,000000	345,000000	3,340000	19,030000	0,000000	1371,000000
0,000000	345,640000	3,340000	19,030000	0,000000	1371,000000
0,000000	345,680000	3,340000	19,030000	0,000000	1371,000000
0,000000	345,600000	3,340000	19,030000	0,000000	1371,000000
0,000000	345,720000	3,340000	19,030000	0,000000	1371,000000
0,000000	345,700000	3,340000	19,030000	0,000000	1371,000000
0,000000	346,560000	3,340000	19,030000	0,000000	1371,000000
0,000000	346,200000	3,340000	19,030000	0,000000	1371,000000
0,000000	346,460000	3,340000	19,030000	0,000000	1371,000000
0,000000	346,700000	3,340000	19,030000	0,000000	1359,000000
0,000000	346,380000	3,340000	19,030000	0,000000	1359,000000
0,000000	346,060000	3,340000	19,030000	0,000000	1359,000000
0,000000	345,400000	3,340000	19,030000	0,000000	1359,000000
0,000000	344,900000	3,340000	19,030000	0,000000	1359,000000
0,000000	344,800000	3,340000	19,030000	0,000000	1359,000000
0,000000	344,340000	3,340000	19,030000	0,000000	1359,000000
0,000000	343,420000	3,340000	19,030000	0,000000	1359,000000
0,000000	342,980000	3,340000	19,030000	0,000000	1359,000000
0,000000	341,940000	3,340000	19,030000	0,000000	1359,000000
0,000000	342,040000	3,340000	19,030000	0,000000	1359,000000
0,000000	341,100000	3,340000	19,030000	0,000000	1359,000000
0,000000	340,540000	3,340000	19,030000	0,000000	1359,000000
0,000000	340,520000	3,340000	19,030000	0,000000	1359,000000
0,000000	340,000000	3,340000	19,030000	0,000000	1359,000000
0,000000	339,920000	3,340000	19,030000	0,000000	1359,000000
0,000000	340,160000	3,340000	19,030000	0,000000	1359,000000
0,000000	338,820000	3,340000	19,030000	0,000000	1359,000000
0,000000	339,500000	3,340000	19,030000	0,000000	1359,000000
0,000000	339,080000	3,340000	19,030000	0,000000	1359,000000
0,000000	338,500000	3,340000	19,030000	0,000000	1359,000000
0,000000	338,500000	3,340000	19,030000	0,000000	1359,000000
0,000000	338,620000	3,340000	19,030000	0,000000	1359,000000
0,000000	338,220000	3,340000	19,030000	0,000000	1359,000000
0,000000	338,400000	3,340000	19,030000	0,000000	1359,000000
0,000000	337,960000	3,340000	19,030000	0,000000	1359,000000
0,000000	337,880000	3,340000	19,030000	0,000000	1359,000000
0,000000	337,560000	3,340000	19,030000	0,000000	1359,000000
0,000000	337,580000	3,340000	19,030000	0,000000	1359,000000
0,000000	337,380000	3,340000	19,030000	0,000000	1359,000000
0,000000	336,920000	3,340000	19,030000	0,000000	1359,000000
0,000000	336,500000	3,340000	19,030000	0,000000	1359,000000
0,000000	336,980000	3,340000	19,030000	0,000000	1359,000000
0,000000	336,980000	3,340000	19,030000	0,000000	1359,000000
0,000000	337,080000	3,340000	19,030000	0,000000	1359,000000
0,000000	337,300000	3,340000	19,030000	0,000000	1359,000000
0,000000	337,040000	3,340000	19,030000	0,000000	1359,000000
0,000000	336,980000	3,340000	19,030000	0,000000	1359,000000
0,000000	337,360000	3,340000	19,030000	0,000000	1359,000000
0,000000	337,120000	3,340000	19,030000	0,000000	1359,000000
0,000000	337,160000	3,340000	19,030000	0,000000	1359,000000
0,000000	337,740000	3,340000	19,030000	0,000000	1359,000000
0,000000	337,160000	3,340000	19,030000	0,000000	1359,000000
0,000000	337,260000	3,340000	19,030000	0,000000	1359,000000
0,000000	337,040000	3,340000	19,030000	0,000000	1359,000000
0,000000	337,240000	3,340000	19,030000	0,000000	1359,000000
0,000000	337,400000	3,340000	19,030000	0,000000	1359,000000
0,000000	337,300000	3,340000	19,030000	0,000000	1359,000000
0,000000	337,240000	3,340000	19,030000	0,000000	1359,000000
0,000000	337,220000	3,340000	19,030000	0,000000	1359,000000
0,000000	337,120000	3,340000	19,030000	0,000000	1359,000000
0,000000	337,120000	3,340000	19,030000	0,000000	1359,000000
0,000000	337,480000	3,340000	19,030000	0,000000	1359,000000
0,000000	337,960000	3,340000	19,030000	0,000000	1359,000000
0,000000	338,140000	3,340000	19,030000	0,000000	1359,000000
0,000000	338,060000	3,340000	19,030000	0,000000	1359,000000
0,000000	338,260000	3,340000	19,030000	0,000000	1359,000000
0,000000	338,060000	3,340000	19,030000	0,000000	1359,000000
0,000000	337,780000	3,340000	19,030000	0,000000	1359,000000
0,000000	338,200000	3,340000	19,030000	0,000000	1359,000000
0,000000	338,200000	3,340000	19,030000	0,000000	1359,000000
0,000000	337,860000	3,340000	19,030000	0,000000	1327,000000
0,000000	337,200000	3,340000	19,030000	0,000000	1327,000000
0,000000	336,560000	3,340000	19,030000	0,000000	1327,000000
0,000000	335,620000	3,340000	19,030000	0,000000	1327,000000
0,000000	332,920000	3,340000	19,030000	0,000000	1327,000000
0,000000	330,900000	3,340000	19,030000	0,000000	1327,000000
0,000000	328,380000	3,340000	19,030000	0,000000	1327,000000
0,000000	327,140000	3,340000	19,030000	0,000000	1327,000000
0,000000	324,780000	3,340000	19,030000	0,000000	1327,000000
0,000000	321,600000	3,340000	19,030000	0,000000	1327,000000
0,000000	320,240000	3,340000	19,030000	0,000000	1327,000000
0,000000	318,660000	3,340000	19,030000	0,000000	1327,000000
0,000000	316,180000	3,340000	19,030000	0,000000	1327,000000
0,000000	314,860000	3,340000	19,030000	0,000000	1327,000000
0,000000	314,260000	3,340000	19,030000	0,000000	1327,000000
0,000000	312,720000	3,340000	19,030000	0,000000	1327,000000
0,000000	310,860000	3,340000	19,030000	0,000000	1327,000000
0,000000	309,920000	3,340000	19,030000	0,000000	1327,000000
0,000000	308,960000	3,340000	19,030000	0,000000	1327,000000
0,000000	307,480000	3,340000	19,030000	0,000000	1327,000000
0,000000	307,100000	3,340000	19,030000	0,000000	1327,000000
0,000000	306,780000	3,340000	19,030000	0,000000	1327,000000
0,000000	306,780000	3,340000	19,030000	0,000000	1327,000000
0,000000	305,220000	3,340000	19,030000	0,000000	1327,000000
0,000000	305,000000	3,340000	19,030000	0,000000	1327,000000
0,000000	304,440000	3,340000	19,030000	0,000000	1327,000000
0,000000	303,900000	3,340000	19,030000	0,000000	1327,000000
0,000000	303,300000	3,340000	19,030000	0,000000	1327,000000
0,000000	303,060000	3,340000	19,030000	0,000000	1327,000000
0,000000	302,900000	3,340000	19,030000	0,000000	1327,000000
0,000000	302,080000	3,340000	19,030000	0,000000	1327,000000
0,000000	301,920000	3,340000	19,030000	0,000000	1327,000000
0,000000	301,780000	3,340000	19,030000	0,000000	1327,000000
0,000000	300,580000	3,340000	19,030000	0,000000	1327,000000
0,000000	300,820000	3,340000	19,030000	0,000000	1327,000000
0,000000	300,660000	3,340000	19,030000	0,000000	1327,000000
0,000000	300,360000	3,340000	19,030000	0,000000	1327,000000
0,000000	299,880000	3,340000	19,030000	0,000000	1327,000000
0,000000	299,840000	3,340000	19,030000	0,000000	1327,000000
0,000000	299,600000	3,340000	19,030000	0,000000	1327,000000
0,000000	299,280000	3,340000	19,030000	0,000000	1327,000000
0,000000	299,520000	3,340000	19,030000	0,000000	1327,000000
0,000000	298,920000	3,340000	19,030000	0,000000	1327,000000
0,000000	298,900000	3,340000	19,030000	0,000000	1327,000000
0,000000	298,840000	3,340000	19,030000	0,000000	1327,000000
0,000000	298,880000	3,340000	19,030000	0,000000	1327,000000
0,000000	299,060000	3,340000	19,030000	0,000000	1327,000000
0,000000	298,600000	3,340000	19,030000	0,000000	1327,000000
0,000000	298,520000	3,340000	19,030000	0,000000	1327,000000
0,000000	298,480000	3,340000	19,030000	0,000000	1327,000000
0,000000	298,500000	3,340000	19,030000	0,000000	1327,000000
0,000000	298,140000	3,340000	19,030000	0,000000	1327,000000
0,000000	297,880000	3,340000	19,030000	0,000000	1327,000000
0,000000	297,880000	3,340000	19,030000	0,000000	1327,000000
0,000000	298,440000	3,340000	19,030000	0,000000	1327,000000
0,000000	298,380000	3,340000	19,030000	0,000000	1327,000000
0,000000	298,340000	3,340000	19,030000	0,000000	1327,000000
0,000000	298,200000	3,340000	19,030000	0,000000	1327,000000
0,000000	298,040000	3,340000	19,030000	0,000000	1327,000000
0,000000	298,520000	3,340000	19,030000	0,000000	1327,000000
0,000000	298,540000	3,340000	19,030000	0,000000	1327,000000
0,000000	298,200000	3,340000	19,030000	0,000000	1327,000000
0,000000	298,080000	3,340000	19,030000	0,000000	1376,000000
0,000000	298,900000	3,340000	19,030000	0,000000	1376,000000
0,000000	300,540000	3,340000	19,030000	0,000000	1376,000000
0,000000	303,000000	3,340000	19,030000	0,000000	1376,000000
0,000000	306,300000	3,340000	19,030000	0,000000	1376,000000
0,000000	308,540000	3,340000	19,030000	0,000000	1376,000000
0,000000	312,540000	3,340000	19,030000	0,000000	1376,000000
0,000000	314,520000	3,340000	19,030000	0,000000	1376,000000
0,000000	318,740000	3,340000	19,030000	0,000000	1376,000000
0,000000	321,120000	3,340000	19,030000	0,000000	1376,000000
0,000000	325,420000	3,340000	19,030000	0,000000	1376,000000
0,000000	326,540000	3,340000	19,030000	0,000000	1376,000000
0,000000	330,320000	3,340000	19,030000	0,000000	1376,000000
0,000000	332,160000	3,340000	19,030000	0,000000	1376,000000
0,000000	334,620000	3,340000	19,030000	0,000000	1376,000000
0,000000	336,020000	3,340000	19,030000	0,000000	1376,000000
0,000000	338,020000	3,340000	19,030000	0,000000	1376,000000
0,000000	340,240000	3,340000	19,030000	0,000000	1376,000000
0,000000	341,500000	3,340000	19,030000	0,000000	1376,000000
0,000000	342,960000	3,340000	19,030000	0,000000	1376,000000
0,000000	344,880000	3,340000	19,030000	0,000000	1376,000000
0,000000	345,800000	3,340000	19,030000	0,000000	1376,000000
0,000000	346,020000	3,340000	19,030000	0,000000	1376,000000
0,000000	346,020000	3,340000	19,030000	0,000000	1376,000000
0,000000	347,380000	3,340000	19,030000	0,000000	1376,000000
0,000000	348,120000	3,340000	19,030000	0,000000	1376,000000
0,000000	349,340000	3,340000	19,030000	0,000000	1376,000000
0,000000	350,120000	3,340000	19,030000	0,000000	1376,000000
0,000000	349,740000	3,340000	19,030000	0,000000	1376,000000
0,000000	351,160000	3,340000	19,030000	0,000000	1376,000000
0,000000	351,080000	3,340000	19,030000	0,000000	1376,000000
0,000000	351,560000	3,340000	19,030000	0,000000	1376,000000
0,000000	351,480000	3,340000	19,030000	0,000000	1376,000000
0,000000	352,520000	3,340000	19,030000	0,000000	1376,000000
0,000000	352,360000	3,340000	19,030000	0,000000	1376,000000
0,000000	353,280000	3,340000	19,030000	0,000000	1376,000000
0,000000	352,780000	3,340000	19,030000	0,000000	1376,000000
0,000000	353,040000	3,340000	19,030000	0,000000	1376,000000
0,000000	353,600000	3,340000	19,030000	0,000000	1376,000000
0,000000	353,620000	3,340000	19,030000	0,000000	1376,000000
0,000000	353,740000	3,340000	19,030000	0,000000	1376,000000
0,000000	354,020000	3,340000	19,030000	0,000000	1376,000000
0,000000	353,820000	3,340000	19,030000	0,000000	1376,000000
0,000000	354,020000	3,340000	19,030000	0,000000	1376,000000
0,000000	353,400000	3,340000	19,030000	0,000000	1376,000000
0,000000	353,900000	3,340000	19,030000	0,000000	1376,000000
0,000000	353,900000	3,340000	19,030000	0,000000	1376,000000
0,000000	354,080000	3,340000	19,030000	0,000000	1376,000000
0,000000	353,860000	3,340000	19,030000	0,000000	1376,000000
0,000000	354,620000	3,340000	19,030000	0,000000	1376,000000
0,000000	353,900000	3,340000	19,030000	0,000000	1376,000000
0,000000	353,740000	3,340000	19,030000	0,000000	1376,000000
0,000000	354,100000	3,340000	19,030000	0,000000	1376,000000
0,000000	354,100000	3,340000	19,030000	0,000000	1376,000000
0,000000	354,420000	3,340000	19,030000	0,000000	1376,000000
0,000000	354,300000	3,340000	19,030000	0,000000	1376,000000
0,000000	354,400000	3,340000	19,030000	0,000000	1376,000000
0,000000	354,480000	3,340000	19,030000	0,000000	1376,000000
0,000000	354,700000	3,340000	19,030000	0,000000	1376,000000
0,000000	354,700000	3,340000	19,030000	0,000000	1376,000000
0,000000	354,560000	3,340000	19,030000	0,000000	1376,000000
0,000000	354,540000	3,340000	19,030000	0,000000	1307,000000
0,000000	352,820000	3,340000	19,030000	0,000000	1307,000000
0,000000	350,860000	3,340000	19,030000	0,000000	1307,000000
0,000000	347,280000	3,340000	19,030000	0,000000	1307,000000
0,000000	342,460000	3,340000	19,030000	0,000000	1307,000000
0,000000	337,220000	3,340000	19,030000	0,000000	1307,000000
0,000000	334,260000	3,340000	19,030000	0,000000	1307,000000
0,000000	327,240000	3,340000	19,030000	0,000000	1307,000000
0,000000	324,340000	3,340000	19,030000	0,000000	1307,000000
0,000000	319,880000	3,340000	19,030000	0,000000	1307,000000
0,000000	316,560000	3,340000	19,030000	0,000000	1307,000000
0,000000	309,820000	3,340000	19,030000	0,000000	1307,000000
0,000000	307,260000	3,340000	19,030000	0,000000	1307,000000
0,000000	304,660000	3,340000	19,030000	0,000000	1307,000000
0,000000	301,700000	3,340000	19,030000	0,000000	1307,000000
0,000000	298,900000	3,340000	19,030000	0,000000	1307,000000
0,000000	294,700000	3,340000	19,030000	0,000000	1307,000000
0,000000	293,180000	3,340000	19,030000	0,000000	1307,000000
0,000000	291,120000	3,340000	19,030000	0,000000	1307,000000
0,000000	289,240000	3,340000	19,030000	0,000000	1307,000000
0,000000	287,760000	3,340000	19,030000	0,000000	1307,000000
0,000000	286,040000	3,340000	19,030000	0,000000	1307,000000
0,000000	286,040000	3,340000	19,030000	0,000000	1307,000000
0,000000	283,600000	3,340000	19,030000	0,000000	1307,000000
0,000000	282,740000	3,340000	19,030000	0,000000	1307,000000
0,000000	282,360000	3,340000	19,030000	0,000000	1307,000000
0,000000	280,740000	3,340000	19,030000	0,000000	1307,000000
0,000000	280,120000	3,340000	19,030000	0,000000	1307,000000
0,000000	277,760000	3,340000	19,030000	0,000000	1307,000000
0,000000	277,780000	3,340000	19,030000	0,000000	1307,000000
0,000000	276,980000	3,340000	19,030000	0,000000	1307,000000
0,000000	276,260000	3,340000	19,030000	0,000000	1307,000000
0,000000	275,720000	3,340000	19,030000	0,000000	1307,000000
0,000000	275,200000	3,340000	19,030000	0,000000	1307,000000
0,000000	274,080000	3,340000	19,030000	0,000000	1307,000000
0,000000	273,800000	3,340000	19,030000	0,000000	1307,000000
0,000000	273,340000	3,340000	19,030000	0,000000	1307,000000
0,000000	272,680000	3,340000	19,030000	0,000000	1307,000000
0,000000	273,060000	3,340000	19,030000	0,000000	1307,000000
0,000000	272,960000	3,340000	19,030000	0,000000	1307,000000
0,000000	271,940000	3,340000	19,030000	0,000000	1307,000000
0,000000	271,960000	3,340000	19,030000	0,000000	1307,000000
0,000000	271,240000	3,340000	19,030000	0,000000	1307,000000
0,000000	271,380000	3,340000	19,030000	0,000000	1307,000000
0,000000	271,000000	3,340000	19,030000	0,000000	1307,000000
0,000000	270,860000	3,340000	19,030000	0,000000	1307,000000
0,000000	270,140000	3,340000	19,030000	0,000000	1307,000000
0,000000	270,800000	3,340000	19,030000	0,000000	1307,000000
0,000000	270,820000	3,340000	19,030000	0,000000	1307,000000
0,000000	270,080000	3,340000	19,030000	0,000000	1307,000000
0,000000	269,920000	3,340000	19,030000	0,000000	1307,000000
0,000000	269,880000	3,340000	19,030000	0,000000	1307,000000
0,000000	270,200000	3,340000	19,030000	0,000000	1307,000000
0,000000	270,380000	3,340000	19,030000	0,000000	1307,000000
0,000000	270,380000	3,340000	19,030000	0,000000	1307,000000
0,000000	270,200000	3,340000	19,030000	0,000000	1307,000000
0,000000	270,280000	3,340000	19,030000	0,000000	1307,000000
0,000000	270,160000	3,340000	19,030000	0,000000	1307,000000
0,000000	270,140000	3,340000	19,030000	0,000000	1307,000000
0,000000	269,480000	3,340000	19,030000	0,000000	1307,000000
0,000000	270,820000	3,340000	19,030000	0,000000	1322,000000
0,000000	271,100000	3,340000	19,030000	0,000000	1322,000000
0,000000	271,780000	3,340000	19,030000	0,000000	1322,000000
0,000000	272,120000	3,340000	19,030000	0,000000	1322,000000
0,000000	273,760000	3,340000	19,030000	0,000000	1322,000000
0,000000	274,020000	3,340000	19,030000	0,000000	1322,000000
0,000000	275,740000	3,340000	19,030000	0,000000	1322,000000
0,000000	276,320000	3,340000	19,030000	0,000000	1322,000000
0,000000	277,500000	3,340000	19,030000	0,000000	1322,000000
0,000000	278,300000	3,340000	19,030000	0,000000	1322,000000
0,000000	278,900000	3,340000	19,030000	0,000000	1322,000000
0,000000	279,980000	3,340000	19,030000	0,000000	1322,000000
0,000000	280,680000	3,340000	19,030000	0,000000	1322,000000
0,000000	281,420000	3,340000	19,030000	0,000000	1322,000000
0,000000	281,640000	3,340000	19,030000	0,000000	1322,000000
0,000000	282,400000	3,340000	19,030000	0,000000	1322,000000
0,000000	283,120000	3,340000	19,030000	0,000000	1322,000000
0,000000	283,900000	3,340000	19,030000	0,000000	1322,000000
0,000000	284,020000	3,340000	19,030000	0,000000	1322,000000
0,000000	284,660000	3,340000	19,030000	0,000000	1322,000000
0,000000	285,160000	3,340000	19,030000	0,000000	1322,000000
0,000000	285,900000	3,340000	19,030000	0,000000	1322,000000
0,000000	285,720000	3,340000	19,030000	0,000000	1322,000000
0,000000	286,260000	3,340000	19,030000	0,000000	1322,000000
0,000000	286,700000	3,340000	19,030000	0,000000	1322,000000
0,000000	286,920000	3,340000	19,030000	0,000000	1322,000000
0,000000	287,480000	3,340000	19,030000	0,000000	1322,000000
0,000000	287,480000	3,340000	19,030000	0,000000	1322,000000
0,000000	288,360000	3,340000	19,030000	0,000000	1322,000000
0,000000	287,380000	3,340000	19,030000	0,000000	1322,000000
0,000000	287,840000	3,340000	19,030000	0,000000	1322,000000
0,000000	287,600000	3,340000	19,030000	0,000000	1322,000000
0,000000	287,980000	3,340000	19,030000	0,000000	1322,000000
0,000000	287,880000	3,340000	19,030000	0,000000	1322,000000
0,000000	287,860000	3,340000	19,030000	0,000000	1322,000000
0,000000	288,100000	3,340000	19,030000	0,000000	1322,000000
0,000000	288,180000	3,340000	19,030000	0,000000	1322,000000
0,000000	288,180000	3,340000	19,030000	0,000000	1322,000000
0,000000	287,720000	3,340000	19,030000	0,000000	1322,000000
0,000000	288,460000	3,340000	19,030000	0,000000	1322,000000
0,000000	288,320000	3,340000	19,030000	0,000000	1322,000000
0,000000	288,160000	3,340000	19,030000	0,000000	1322,000000
0,000000	288,040000	3,340000	19,030000	0,000000	1322,000000
0,000000	287,780000	3,340000	19,030000	0,000000	1322,000000
0,000000	288,260000	3,340000	19,030000	0,000000	1322,000000
0,000000	288,020000	3,340000	19,030000	0,000000	1322,000000
0,000000	288,140000	3,340000	19,030000	0,000000	1322,000000
0,000000	287,980000	3,340000	19,030000	0,000000	1322,000000
0,000000	288,120000	3,340000	19,030000	0,000000	1322,000000
0,000000	288,560000	3,340000	19,030000	0,000000	1322,000000
0,000000	288,460000	3,340000	19,030000	0,000000	1322,000000
0,000000	288,640000	3,340000	19,030000	0,000000	1322,000000
0,000000	288,360000	3,340000	19,030000	0,000000	1322,000000
0,000000	288,280000	3,340000	19,030000	0,000000	1322,000000
0,000000	288,740000	3,340000	19,030000	0,000000	1322,000000
0,000000	288,900000	3,340000	19,030000	0,000000	1322,000000
0,000000	288,560000	3,340000	19,030000	0,000000	1322,000000
0,000000	288,560000	3,340000	19,030000	0,000000	1322,000000
0,000000	288,960000	3,340000	19,030000	0,000000	1322,000000
0,000000	288,620000	3,340000	19,030000	0,000000	1322,000000
0,000000	288,960000	3,340000	19,030000	0,000000	1303,000000
0,000000	288,620000	3,340000	19,030000	0,000000	1303,000000
0,000000	288,220000	3,340000	19,030000	0,000000	1303,000000
0,000000	287,200000	3,340000	19,030000	0,000000	1303,000000
0,000000	286,380000	3,340000	19,030000	0,000000	1303,000000
0,000000	285,060000	3,340000	19,030000	0,000000	1303,000000
0,000000	284,160000	3,340000	19,030000	0,000000	1303,000000
0,000000	282,900000	3,340000	19,030000	0,000000	1303,000000
0,000000	281,200000	3,340000	19,030000	0,000000	1303,000000
0,000000	279,900000	3,340000	19,030000	0,000000	1303,000000
0,000000	278,560000	3,340000	19,030000	0,000000	1303,000000
0,000000	277,240000	3,340000	19,030000	0,000000	1303,000000
0,000000	276,660000	3,340000	19,030000	0,000000	1303,000000
0,000000	275,840000	3,340000	19,030000	0,000000	1303,000000
0,000000	274,900000	3,340000	19,030000	0,000000	1303,000000
0,000000	273,880000	3,340000	19,030000	0,000000	1303,000000
0,000000	272,840000	3,340000	19,030000	0,000000	1303,000000
0,000000	272,900000	3,340000	19,030000	0,000000	1303,000000
0,000000	272,040000	3,340000	19,030000	0,000000	1303,000000
0,000000	271,880000	3,340000	19,030000	0,000000	1303,000000
0,000000	271,180000	3,340000	19,030000	0,000000	1303,000000
0,000000	270,760000	3,340000	19,030000	0,000000	1303,000000
0,000000	270,400000	3,340000	19,030000	0,000000	1303,000000
0,000000	269,820000	3,340000	19,030000	0,000000	1303,000000
0,000000	269,640000	3,340000	19,030000	0,000000	1303,000000
0,000000	269,860000	3,340000	19,030000	0,000000	1303,000000
0,000000	269,520000	3,340000	19,030000	0,000000	1303,000000
0,000000	269,180000	3,340000	19,030000	0,000000	1303,000000
0,000000	269,180000	3,340000	19,030000	0,000000	1303,000000
0,000000	269,260000	3,340000	19,030000	0,000000	1303,000000
0,000000	269,140000	3,340000	19,030000	0,000000	1303,000000
0,000000	269,220000	3,340000	19,030000	0,000000	1303,000000
0,000000	268,360000	3,340000	19,030000	0,000000	1303,000000
0,000000	268,660000	3,340000	19,030000	0,000000	1303,000000
0,000000	268,160000	3,340000	19,030000	0,000000	1303,000000
0,000000	267,960000	3,340000	19,030000	0,000000	1303,000000
0,000000	267,860000	3,340000	19,030000	0,000000	1303,000000
